8.787484200808481916e-01 6.032605675165227943e+00
-4.806119552635350622e+00 -1.866357500319687945e+00
3.912483154355369308e+00 -2.139578277806975404e+00
-6.874572740732324938e+00 1.099043788764311191e+00
-4.042068000884915691e+00 6.175500413499126484e-01
2.410593715051840835e+00 3.132480422630159023e+00
4.868542762144313585e+00 4.040020679362380740e+00
-4.344783566060848479e+00 -3.489229376010641204e+00
6.874988749800502674e+00 -1.717843782267505670e+00
3.555014978112818191e-01 4.760747193120110410e+00
5.729989372291700356e+00 -3.517753621297718958e+00
-5.034024615221585286e+00 -1.240409832727223938e-01
5.230354565786081267e+00 -3.553994367919183439e+00
1.036569978161176575e+00 -1.633966287619008639e-01
3.489768865058310521e+00 -6.230995936179267503e+00
6.361417739704396723e+00 -1.648994264626275630e+00
5.276738788455244134e+00 4.885336847508076730e+00
9.973602163999095715e-01 5.951698972403908883e+00
1.226453724036535187e+00 5.574875978804403331e+00
1.425274492853289221e+00 -6.459424539081095595e-01
6.697336438548935789e+00 2.733492378318432836e-01
2.955622115498650171e+00 5.549525440615019178e+00
-2.242035024178020919e+00 4.298142849615909533e+00
1.475234416773701263e+00 -2.458457632911587254e+00
2.610646003458130249e+00 -1.810357952321974162e+00
-2.584202380458165305e+00 5.357020144480218349e+00
2.566613681009066728e+00 -5.212565926800698968e+00
-3.783289533628285461e+00 -4.140749282392307329e+00
-2.703347847230202383e+00 -8.896424583624558124e-01
-5.934873912838813936e+00 -3.334157154827106062e+00
2.020809499915537266e+00 4.438824774860844258e+00
-5.523796862464889657e+00 -3.852254062003353852e+00
5.038568171238404503e+00 3.404840390086914859e+00
-4.823691185668909642e-01 -1.443654115097570578e+00
-5.819640478737676759e+00 -4.093576736637247748e+00
5.317030689349909522e+00 -1.352842385996190000e+00
5.163150795192839482e+00 -2.557168717083878606e-01
-4.684513029301424325e+00 -1.103886897633227449e+00
-1.885750637233535976e+00 -1.043084680265380815e+00
-1.456118022296435610e+00 4.255378305348499701e+00
3.215786617145186099e+00 -6.608407233714080675e+00
-5.725979545342605448e-01 -2.239981569311233489e-01
1.956993275258306575e+00 -6.344502683416496147e+00
5.961439729915785080e-01 1.456243945448365551e-01
-6.288242327294189415e+00 5.077031467187274050e-01
1.202694480027866497e+00 5.923701835846782338e+00
4.549853378216314859e+00 -2.388417527961530062e+00
-1.133740325893454415e+00 -2.083496047711777432e+00
1.246513076789059760e+00 5.591055115656519803e+00
1.596970757692169229e+00 -1.955852047820058504e+00
4.462095694778847488e+00 -4.985078159865885539e+00
2.682195254660807215e+00 -6.600996409548913313e+00
-5.145963072883383838e+00 4.139469560146613603e+00
2.102397741467961545e+00 2.852172328111144406e+00
8.996621966399123149e-01 -6.198720741174647664e+00
1.683695423400857427e+00 -6.832408150656088530e+00
4.758936925512427862e+00 4.574140961131750061e+00
-3.471708762164280593e+00 -4.533042692764184700e+00
6.455496987795816821e+00 -3.578888123441066327e+00
-4.645334727491162496e+00 -5.389182323349321457e+00
4.753062447062788465e+00 2.757442662814167278e+00
4.516477977510751529e+00 1.854374280211451009e-01
-4.574755805810342579e+00 -6.837157593295572156e+00
-2.412851671423677846e+00 4.711351079758218319e+00
-7.036924980431551457e-01 5.124847817288914698e+00
-6.690758015697221950e+00 1.000205213688470929e+00
6.775389758619878577e+00 -1.919028335905461180e+00
-6.085614571706766007e+00 3.013983903982608847e+00
-5.878654420033678107e+00 3.931344725023178555e+00
-2.851076191876937393e+00 7.687275902810157824e-01
9.273793457862948841e-01 7.523495782527248599e-01
3.480483700642319711e+00 -2.412647781010102577e+00
2.294134614288029450e+00 -2.432386120282960196e+00
5.618113327759859388e+00 -3.509271087926809862e+00
3.026481188179061643e+00 5.156351376124999497e+00
-3.174990547305512223e+00 5.301850138035768545e+00
-4.256832601775485614e+00 -5.178450003545532532e+00
-6.402689225276215090e+00 3.434592058678353599e+00
4.644799368844616083e+00 5.146825412144440115e+00
-1.764627541748778450e+00 -3.012485984125199856e+00
2.418423977938013003e+00 -1.292035992598821847e+00
1.749053838190436805e+00 -6.655047605613126471e+00
3.105753242049394736e+00 -4.744328589850093536e+00
2.508460262409775154e+00 5.678091823156511175e+00
1.668924254901977822e+00 5.982219856563854243e+00
1.082983127032703496e+00 -5.488241275361561478e+00
1.744862954621028805e+00 -6.882589797842084245e+00
3.445528143359565920e+00 -1.670717550264505302e+00
8.318361382333002707e-01 6.380423012700826568e+00
5.449414572903283904e-01 5.691272024795022588e+00
-3.430369983222428587e+00 -6.719435065198443802e+00
1.094428825962382446e+00 -1.999489920308233692e+00
-4.031488821506314935e+00 -4.479738674759079053e+00
-4.548816376748485268e+00 -1.917183638345183683e+00
8.772627678406603735e-01 3.381211653291112285e+00
-4.906046039602337316e+00 3.579381366561067868e+00
4.566142962796270188e-01 -6.679418071507323695e+00
-1.487419168009544768e+00 4.533934650879541728e+00
-2.156362995585435094e+00 -1.789188214837924118e+00
-1.054125691620975802e+00 -5.999808077149515029e+00
