-6.340477825582538252e+00 1.455023943351714255e+00
-7.052450965231719771e+00 -6.467413154762963856e+00
-1.082448400224224550e+01 6.342304728555086868e+00
-2.443658565448649234e-01 7.596141715426284691e+00
3.085483037444561205e+00 -6.597160411441036487e+00
-7.808977201513542354e+00 6.793862706448820177e+00
9.965610506852909722e+00 -5.019717635874162198e+00
5.065630046831225641e+00 -4.622079971615471905e+00
-1.795998746255128342e+00 5.583066781160433756e+00
-5.495028373742504968e+00 1.563746279629760205e-02
-5.092743486964958599e+00 6.507555018802373858e+00
1.004404769813373832e+01 -6.221798123089590682e+00
7.771167241997644082e-01 4.067708355106583795e+00
6.290131679818424804e-01 -8.191935258925337138e+00
1.114354415385445662e+01 -5.150928842430424481e-01
-8.849515978906797642e+00 -9.324847376537823251e+00
5.189222596627875106e+00 8.245877883976096001e-01
-4.054273895500014824e+00 -9.202938860073555105e+00
-1.089344101627724370e+01 -6.184377310587358956e+00
-1.893976736715254905e+00 -2.604864301729195475e+00
-5.844149898930910414e-01 -4.965582268317615622e+00
3.766450959067985771e+00 -6.082933257199226729e-01
-1.048901448000620817e+01 7.615826829526039177e+00
-4.869110476081929484e+00 -5.270093894180058136e+00
-6.282835233204008496e+00 -9.404033712017106694e+00
-6.329203027301762319e+00 -7.994059925336905792e+00
6.035102957952549474e+00 1.394102113287670308e+00
9.006448419240392411e+00 2.513265839108552502e+00
-2.223952156538701708e+00 7.892219574227039125e+00
5.774754153753106856e+00 -8.913953131360734972e+00
-8.578684646523695445e-01 9.561551666170426955e+00
-9.754398845423054354e+00 3.983897903029322229e+00
-2.990017307445542727e+00 2.328579794465760466e-01
-2.699514443874544423e+00 -6.445539728478305364e+00
8.869569029474867250e+00 5.652332736140309954e+00
5.416244271046968706e+00 -1.097962438646144356e+01
-6.709507862019874480e-01 -2.731234636584164210e+00
-1.730732358973653850e+00 3.952471312470287046e-01
5.703325636032779755e+00 2.930758376829165623e+00
8.884368373851012635e+00 4.501238378717070887e+00
8.128010853698496518e+00 -1.700676567318619936e+00
-3.170128679260886706e+00 5.455405224553023125e+00
-9.178959916287116272e+00 1.648387271066578785e+00
-6.206297741451850314e+00 3.754285802021803509e+00
-1.685295817832638043e+00 -7.146681627576780826e+00
-1.035381180460928618e+01 -3.875091658844947773e+00
-2.908686341624332261e+00 -7.489741634790767044e+00
-3.765101496107069234e+00 -6.654231647143321382e+00
-8.681618289802159438e+00 -7.917139492893928931e+00
1.352846677579548018e+00 7.435716612769958545e+00
-5.483004057434615497e+00 1.075985936379819208e+01
-8.462657396994190506e+00 -6.811840025817302191e+00
-4.451534389483645882e+00 7.759153673126177875e-01
2.199059054206275565e+00 8.103194402144897168e+00
9.357911973903380698e+00 -6.929966634121518254e+00
3.905444795869694286e+00 -8.197790989599592848e+00
-1.871138353886136474e-01 -1.284222362033305975e+00
8.853162911693615911e+00 -7.898635192850061770e+00
-6.020224331548799102e-01 2.564933732198906746e+00
-1.732943952783630559e+00 2.982969825931386598e+00
-2.906441479569369601e+00 -5.205057092546371500e+00
1.742509198992737929e+00 9.111284516844722958e+00
1.090446649884253993e+01 -5.381220899620800857e+00
-5.609573924676082513e+00 -8.756572148536982070e+00
-3.868666942615403670e+00 6.390192993605196214e+00
-4.459495658451492206e-01 1.081004224780135026e+01
-3.050870928440572616e+00 -1.069236623859381652e+01
3.075723081140045778e+00 4.391517012243389750e+00
-8.614446911036795385e+00 2.678717569517125252e+00
4.907512172693114572e+00 2.099864896484772814e+00
-1.608969865778844821e-01 -7.458148988793986689e+00
-7.362759582441682937e+00 -8.324392577475240529e+00
-3.382490937606448700e+00 2.313961105704907428e+00
-2.287258521429118119e+00 6.670239900554734369e+00
7.281444136117186439e+00 -9.821061872444223795e+00
9.318536099854298760e-01 6.481230263052704998e+00
6.539388197707301842e+00 5.725482059860106610e+00
3.649353246586619193e+00 -5.153893991170985345e+00
-5.816705098724369805e+00 -6.099746118068087419e+00
6.126239091088089284e-01 9.341987687928249073e+00
8.382493493449014732e-01 -1.792158057874003507e+00
2.577175714550354435e+00 2.790972978393649218e+00
-1.186701935407427078e+00 8.429642105516727213e+00
-6.105379655980694764e+00 -1.041596038071203978e+01
3.213118872325586572e+00 7.665874827537588310e+00
-1.080443165383630699e+01 2.138121332688654785e+00
-9.526939646241180171e+00 -3.095120872467712614e-01
-9.538127409439377535e-01 6.602462908855924795e+00
4.100310223069123516e+00 5.516171344970392632e+00
9.013313126114328000e+00 -1.178478155604406608e+00
7.846599585199761862e+00 5.587237774633071474e+00
4.896648932997534232e+00 -3.207425925458327498e+00
-4.053903977816612603e+00 -1.099430633143912139e+01
4.222326069269340287e+00 -6.498951680789521568e+00
-6.515755219598591275e+00 6.506453540710320560e+00
7.779179626477447762e+00 -5.801183555435462047e+00
9.605218182855574938e+00 3.727084649924646165e+00
-9.364137997457829599e+00 -4.655573052589352834e+00
-8.375005123796196216e+00 -3.338155780444080456e+00
7.643146120675278432e+00 -7.007391597368607172e+00
