2.664961940155480047e+00 5.974377282751194507e+00
1.966683859750408603e+00 -1.269305110777073864e+00
5.406816992809433675e-03 -7.108552759404266119e+00
-2.175280613777665462e+00 6.815528564177441240e+00
-5.018575914612728450e-01 1.038150135978197719e+00
7.233724931409368786e-01 -5.164328072638714850e+00
-3.301029123786037855e-01 5.297741395536881726e+00
2.777614289729949171e+00 8.335680685474287088e-01
1.106082897196796422e+00 -7.385915844064361302e+00
3.638366484740688467e+00 -4.797092763424091189e+00
-6.817912913617571569e+00 7.454825143538882593e+00
1.664278085015032049e+00 1.024969682009905680e+00
5.292417461832116032e+00 -5.616884061793807170e+00
-1.962087904074059974e+00 4.407937196443157957e-01
4.263197057717799332e+00 -5.941514646523583520e-01
2.172159642105330413e+00 -7.597822258838809795e+00
1.805243719435468241e+00 -6.484052474729769422e+00
-1.201281767629705177e+00 -2.099070023482855873e+00
5.084596536159866176e+00 6.651843072882641650e+00
2.394328261062063312e+00 1.830032066021813897e+00
5.671575382706405932e+00 -2.893245406914541906e+00
-1.350939605260682796e+00 5.726141815764713705e+00
1.746974800406820849e+00 -5.419281070879821804e+00
9.281011139097613549e-01 -2.104108043143467555e+00
-3.429485757817166469e+00 6.125771887107393177e+00
8.647104105541626451e-01 5.410250116701236678e+00
2.959595837126062001e+00 4.446573591470862397e+00
1.028265283847716649e+00 1.956958429987662562e+00
7.987305084924553045e-01 -9.058394331176052860e-01
5.517245574129353791e+00 -4.012297168259724600e+00
1.743239275651762843e-01 6.275155220309491355e+00
7.609084392823699527e-01 -6.272059443493310127e+00
2.898687605378544863e-01 4.295350392323886268e+00
6.292626193008913127e+00 -5.040107584170654853e+00
6.111162203325065434e+00 2.043934599736029867e+00
-9.744835266206981483e-01 -6.678648378951203668e+00
5.337306949658749966e-01 -3.175355601977010611e+00
-7.232233661534078761e-01 -3.182088176170328353e+00
1.371186210243087178e-01 3.179383585703070558e+00
-1.943637845153342036e+00 -7.372888564423258906e+00
1.402631959017397234e+00 4.205356260791059952e+00
5.351064985329044177e+00 -7.363387817911957178e-01
-9.071441110036795319e-01 6.855543135365934404e+00
-2.698205655962491178e-01 -5.856288648465201696e+00
3.196392416042431961e+00 -1.563536728173262391e+00
-1.116948215646468290e+00 2.070596061122920162e+00
4.411982499389678125e+00 -7.000370685849915731e+00
3.341361157535931881e+00 -6.598756945690737119e+00
2.136678331894868332e+00 -4.223224099368115603e+00
3.238399269466003538e+00 -3.474498366468519173e-01
4.211634211511745995e+00 -5.843398721245156580e+00
-1.652055437878984789e-01 -2.199079071113267947e+00
4.958204674830274605e+00 1.388813756538368471e+00
5.375676060200312634e+00 -6.816788413686171388e+00
3.344304569683373529e+00 -7.706649638678250369e+00
4.671198644054619820e+00 -4.661903022792967199e+00
2.406715195568181809e+00 3.544020018911559156e+00
-2.618277788139269924e-01 -1.075745239934517539e+00
3.604869530239609876e+00 5.341095788559502289e+00
1.313467930399309758e+00 2.967138409851102221e+00
1.533958355598054046e-01 3.710111724181704845e-02
-1.012833817173787621e+00 -2.124608125912245959e-02
4.702653937725044031e+00 5.166031551923708776e+00
2.342429817151723270e+00 6.931660868816827303e+00
3.515161303987394126e-01 7.582265678509047646e+00
-2.059597504847630933e+00 2.736954154951674045e+00
-7.044922906921424755e+00 9.886692877929751377e-01
2.897710778518753028e+00 -5.588636016376890225e+00
3.500564756016069978e+00 1.677171741734973631e+00
-2.159000785732441585e+00 1.708380386691066510e+00
-1.426533261494423721e+00 -4.789542861215116965e+00
2.059510611854651785e+00 5.032967967072864646e+00
-2.912461156274966267e+00 -5.427775424474113874e-01
-9.378603081860948931e-01 -7.861725309273605689e+00
-1.320756343081574080e+00 4.565175985664458480e+00
6.654598718192787921e-01 9.280983427576733336e-01
4.056194392092152157e+00 6.652470150558974504e-01
2.340723176198402200e+00 -2.460161327794504249e+00
-8.263637107843392615e-02 -4.230809087623622844e+00
-2.355574620304651035e+00 5.573910610879780236e+00
-3.206254413324712171e+00 1.936668629395862595e+00
5.149104425402226681e+00 3.294079221983197692e-01
1.189984609372333635e+00 2.990186680398716421e-02
3.508095655482037056e+00 -2.655601045007326189e+00
-2.796327588186901192e+00 3.476149950119860499e+00
4.379356455078832866e+00 2.402677462862090607e+00
4.284541441736325673e+00 -3.567007451023764375e+00
3.121892583839000146e+00 2.668083414615618487e+00
4.423618251089865616e+00 7.703509586221623628e+00
1.312872098143970767e+00 6.331149365651571159e+00
-9.603808899365369467e-02 2.109105555151427502e+00
3.023581080232855545e+00 -3.662648664821702482e+00
-2.954568943430175398e+00 8.394849801778027087e-01
1.053480331299645023e+00 -4.194323232461578677e+00
3.706474013904036635e+00 3.585441799397143914e+00
-1.907349336797103501e+00 -3.109620452825404779e+00
2.242193586337964284e+00 -2.131161783220258399e-01
1.462281614645106531e+00 7.392585774582911995e+00
3.382404904606698626e+00 6.785737145563267347e+00
6.616218644004611349e+00 -3.919983336211943836e+00
