2.693990251693789695e+00 -1.840319457002186132e+00
4.878969504805819035e+00 1.228097782866487631e+00
5.799852180198497464e+00 7.842267528145890232e+00
4.244262092428272126e+00 3.415431853193459322e+00
5.149501144918500195e+00 -3.885383055878365077e+00
-2.879958030018187287e+00 -6.157546444202003144e+00
-6.690558453218809376e+00 -3.942279579250625332e+00
3.074062336619692193e+00 5.021419225633484196e+00
3.278281724321053137e+00 -9.450325276444229150e-01
4.708433402726443617e+00 -2.201305982012961238e+00
4.296355947371152340e+00 -6.250173332939750637e+00
-6.341131911593038684e-01 -4.348340389369943493e-01
-7.066372307794124730e+00 5.057498332583973522e+00
-2.460346476050751185e+00 6.465943230715610390e+00
7.574722087927867165e+00 5.497525659900253991e+00
-4.676977951492139240e+00 -3.571877725171341833e+00
-3.786956950201346483e+00 -6.651823131248843168e+00
-3.829701234388193765e+00 -2.883602131710067074e+00
-7.198140825049714753e-01 -3.924201005403728182e+00
-6.018558694747915716e+00 -2.234185027560960712e+00
-6.289218914819375783e+00 -5.630067767858788486e+00
3.728886256707537150e+00 -5.030405085696311396e+00
3.082295007325219771e+00 -5.822002618474627411e+00
5.025232972796276343e-01 6.196881748902878684e+00
5.532184718791105515e-01 -3.902996461499208536e-01
6.491001379367110857e+00 -7.034748138137898898e+00
-3.679095371194917252e+00 -5.089554482975813698e+00
-5.757442069138567931e+00 -6.476936415180003515e-01
1.401566545133444919e+00 2.140989635569148231e+00
-3.262832872444105803e+00 4.105457980801068274e+00
-1.361604297808576947e+00 6.375835720665085304e+00
-4.012725558203785181e-01 -5.015911390488560606e+00
-7.609706144927613103e+00 -1.684440798555283170e+00
-7.628383535617815348e+00 6.819152539265139090e+00
-3.450649960104549274e-01 5.247407528738385452e+00
-1.618853671606425015e-01 8.940332938667209239e-01
2.841129541155573701e+00 4.007060866805574939e+00
-6.544276330263384622e+00 -6.915633197612083727e+00
3.710443764067748340e+00 7.203781907606216173e+00
2.507283993806976419e+00 -5.003153420658510875e+00
-1.700760790571747894e+00 -5.963927788543797348e+00
-3.423877462939721728e-01 6.978445752708589467e+00
3.146338368950960529e-01 7.777671494760078019e+00
-4.931248992979869072e+00 -2.372278108373161221e+00
2.177792586316600332e+00 -1.025824059641509578e+00
-3.244971052296548031e+00 -4.084558694972921344e+00
-4.787654564974339166e+00 -1.135397885905310877e+00
4.771846644715986407e+00 7.724957488870447087e+00
6.237868532371436459e+00 5.313776613977637453e+00
-9.909203890431877992e-02 -6.227992887188631421e+00
-4.013459305708486191e+00 7.135328413630984024e+00
5.767505949596520409e+00 1.815127771894089470e+00
-2.644087297598318287e+00 5.362799142036769773e+00
6.992672184408532665e+00 -3.545354586721045198e+00
6.233890794145994896e+00 -5.462745932601293930e+00
-1.626362433917749595e+00 -2.738169165726572096e+00
2.667115753563860991e+00 -6.950591028952415762e+00
2.951633781477237317e+00 1.207021265075782779e+00
5.461767716718634702e+00 -6.368605878617109362e+00
7.111408986494180517e+00 -2.137727468875441517e+00
3.830201319785476066e+00 1.357623924999919462e-01
-1.034276078522786690e+00 -1.390713107206073440e+00
-1.536122159632340001e+00 7.371358174059394308e+00
6.044143173990079276e+00 -9.917016674189172987e-01
2.854850043117459268e+00 -3.243464916956027899e+00
1.138466948817431490e+00 -3.803408287874239679e+00
-5.045801421693089317e+00 6.805800338517234316e+00
4.466249936848288193e+00 6.241905607224317087e+00
5.830239015137246739e+00 4.284734553317384176e+00
-2.281738881860735368e+00 3.887940905126622049e+00
-7.531857600568967470e+00 -5.540226657663750665e+00
-7.462536019769324014e+00 -7.822342826157004048e+00
1.497608426433555184e+00 -2.233799987025545608e+00
-7.236295671327280132e+00 -5.041451927871953842e-01
7.530362110463099334e+00 -4.041396078430686267e-01
5.557313899846722194e+00 6.534655320638713683e+00
3.620774443311503443e+00 -7.423341856462312371e+00
-6.378998984654148607e+00 2.144814985106746175e+00
3.885455712906438652e+00 -3.821618070489300134e+00
4.582654243040188646e+00 -5.890364733201398639e-01
1.224542414329598206e+00 7.284235670987908584e+00
-5.572006980401268628e+00 5.466781783514779391e+00
-1.009207805774047673e+00 -7.125387482957542318e+00
-7.343773334039496170e+00 -3.019665715101968573e+00
2.291611589992828435e+00 7.707492124405824541e+00
-1.412346100522992698e+00 7.650281954996771550e-01
-2.685770989478938553e+00 -5.196968193825543203e+00
-1.019489470944707099e+00 2.147480540953244699e+00
-1.128716054295910487e+00 3.536147260464192588e+00
3.782691106005833248e+00 -1.860198539833073150e+00
7.059809399506356442e+00 7.398498498531589362e+00
5.551680755459354799e+00 2.828769968347610853e+00
-2.168119457939086558e+00 7.826349814793623350e-02
4.895899932888004180e+00 -5.353041552260563662e+00
7.675218883476280229e-01 -7.139396254081003867e+00
-2.060757910225072376e+00 2.795855555004922000e+00
1.303238569048170703e-01 -1.510879492615727182e+00
-5.122161990294423539e+00 -7.440941216648357504e+00
-3.936170193523866434e+00 -1.881500660881105125e+00
2.349022001034832385e+00 2.955430914192964109e-01
