-1.215426847028519397e+01 4.070415966807637176e+00
3.003135824209512084e+00 -8.994326738225053575e+00
-5.219863452400097970e+00 -9.159886279526070041e+00
-1.138212306161152476e+01 -9.072583187858144882e+00
7.408718185805460266e+00 3.685744173518758160e+00
-3.018480959693940591e+00 8.501203507562071771e-01
-1.255917314104400972e+01 1.180055957124701749e+01
1.568758489072459739e+00 1.276533135364646965e-01
3.102792298776972379e-01 5.792095124523459759e-01
1.927751600692190204e+00 -2.849610207186546340e+00
-7.031027143903642695e+00 -1.347444601445519474e+00
1.034448794873424404e+01 1.153612248661283957e+01
-9.253405859132511679e+00 -2.388005809262561951e-01
-2.215787124483952764e-01 4.661769436801768585e+00
9.867505990401621574e+00 -2.114983094348920289e+00
-6.996407306036192431e+00 -9.324428728444747350e+00
-1.086995767456371276e+01 9.434826632426219106e+00
1.144987461186926403e+01 -6.159506804482605347e+00
-1.191178561596164798e+01 1.289747302870638634e+01
-3.947760852075294480e+00 -6.534291627393572277e+00
-7.674616690578104361e+00 -1.006899038772037613e+01
5.025851197786617597e+00 1.716656959467790067e+00
1.259161307720597200e+00 9.564236504760255997e+00
-5.271257664679725785e+00 -2.457821512735194336e-01
-1.198276123121605918e+00 6.467506831134899326e-01
-4.011480725214318532e+00 5.396482605757509932e-01
-6.087617531503156876e+00 3.883244784396666649e+00
-4.019401382293054326e+00 4.242756407559567400e+00
8.276668477861639062e+00 4.728727759979199696e+00
4.778775923751824806e+00 3.516941370051825722e+00
9.384718078124379304e+00 3.159258288362860156e+00
6.662307075864186245e+00 -3.113539870593124093e+00
2.883344965792395964e+00 -3.796093344684439597e+00
8.793879579700256244e+00 -7.020928766144605149e+00
1.262891711417456264e+01 -1.271035308911440254e+01
7.150844370091520297e+00 4.998795133753816344e+00
-1.960185568630504305e+00 -9.512571411627741114e+00
-8.936048418439584751e+00 -1.059086913301138999e+01
-2.782977178884252112e+00 6.069050361681843420e+00
4.341993917079412846e+00 -5.085794213503101346e+00
1.290107340039028605e+00 -1.112605798835801574e+00
-7.337757025419732848e+00 -5.002071776180427420e+00
-7.010007827354026944e+00 -2.826323344892394118e+00
-8.744753689506955752e+00 -7.336046216002254816e+00
1.282166715012341740e+01 3.259195580615232402e+00
-1.124636128082368458e+01 1.142227378388983716e+01
9.503509320571595254e+00 -3.965591881705850530e-01
1.284105289681067674e+01 -4.061982713097060049e+00
1.171365577424081827e+01 -8.283458674581658521e-01
-8.210337643686369091e+00 -1.296661673045290231e+00
2.683485586236554976e+00 7.402443526916087535e+00
-1.077063569031187384e+01 1.212738650948862906e+00
4.672855667031927673e+00 1.043569134677574972e+01
-6.737534766342690773e+00 8.787453190915964996e+00
5.374246886422893166e-01 -7.015716955202355720e+00
2.402614587551945569e+00 -1.131754186039106003e+01
-8.134318182532050301e+00 1.134101815953918369e+01
-6.169100912857036434e+00 -1.078871677928935036e+01
8.703545057638997773e-03 7.419297438567070024e+00
1.757691600028807644e+00 4.011933215314770429e+00
-7.454904917428901712e+00 1.023103330399651512e+01
-5.735414812967170484e+00 1.225336213866700774e+01
-9.028884671922966731e+00 1.235459120800318900e+01
6.910402969790385264e+00 1.037126340748419295e+01
-7.784263024467441561e+00 -1.246051361604222407e+01
3.245234851638205242e+00 2.289016258860871122e+00
1.068461414689146238e+01 -4.514986652451145943e+00
7.291139636258805901e+00 7.278851185295231119e+00
-4.482907346781392910e-01 5.832270717878436095e+00
-1.258056002232187609e+01 9.152962636756146964e+00
3.848531026694707258e+00 8.965351190374592605e+00
-2.081382595528143753e+00 4.214357182209362840e+00
-2.288782988931771456e+00 -3.172740227172674121e+00
-5.157699168641938225e-01 1.200421756031940035e+01
4.704749407626596103e+00 4.872284222376467966e+00
-1.045388411870257350e+01 -2.021238728028311282e+00
8.592910203532545310e+00 1.255273875531811356e+01
-1.039002034687153575e+01 -1.001575294795762350e+00
-4.070310870056403019e+00 1.756385637762966301e+00
-1.041292050039897532e+01 -3.150286036523829658e+00
8.273583265837787692e+00 -3.277116127279520175e+00
6.462145444026057284e+00 3.047041715030835984e-01
-5.810631403865729183e-01 -7.532764639440064691e+00
1.047502684246115301e+01 2.630668834036323123e+00
-5.095058729783631613e+00 -1.796422064104519212e+00
7.003855027056845373e+00 1.149333533314710287e+01
5.574311202769457463e-01 -3.431163197534407683e+00
-8.337146247222143813e+00 6.675148886833970785e+00
-5.084315176951364812e+00 -1.026985488337406061e+01
5.431978865395374001e+00 1.285547771338530865e+01
5.226612858313806065e+00 -1.109116617408900929e+01
-1.333487781735516631e+00 5.217258540647934595e+00
1.265432228473829568e+01 -5.714994702212919719e+00
9.647621374406721628e+00 8.265047387902663800e+00
-3.623927790406992866e+00 -4.726873527307042799e+00
9.480003944526602666e+00 -3.617430386649493901e+00
-5.346206982871459346e+00 1.045564473605086420e+01
-2.583789496647369344e+00 -1.069185136426911598e+01
-2.543439989265619872e+00 -6.782033711664150921e+00
8.034766959227040317e+00 1.068351216863050190e+01
