2.765395510272625312e+00 5.981976068876594610e+00
-8.161746544676146797e+00 -2.388848449218689662e+00
-3.458304014807605409e+00 -1.510266864106032259e+01
3.609973481465868606e+00 -4.827352184071980190e+00
-1.445133840030411232e+00 -6.979755944005541224e+00
1.424795762689887546e+01 3.220423361828520292e+00
-2.344202704883906030e+00 -8.042471562927401507e+00
-1.201645386292291118e+00 -3.601047122973039638e+00
-3.603537669627488338e+00 4.567502418572842338e+00
4.652540563598561718e+00 -3.559744282704556118e-01
3.951113428957127915e+00 1.465142017127609719e+01
-9.875455194086868005e+00 3.666187873354806559e+00
5.386231597140876737e+00 1.258899766134618403e+01
7.673579914330119323e+00 3.279855059750517832e+00
4.377712007429889418e+00 -5.805172506194353765e+00
4.256207602609528351e+00 6.890173503185974546e+00
7.578303209454847256e+00 -1.103271798541362614e+01
-1.561942864579198442e+01 2.600605424765579876e+00
-6.583391865910229734e-01 -5.272819665492836982e+00
-3.345988608936877329e-01 -8.712625638298252539e-01
-3.383373028273680916e+00 -1.052264516109250714e+01
-1.389463118393483931e+01 -3.605731899107047056e+00
6.205978401263981148e+00 -1.178567270658590083e+01
-9.077359597208085162e+00 2.187891152122477312e+00
3.083545454132940566e+00 -1.017113581599921712e+00
1.226071148758637541e+01 5.321290462988577552e+00
2.947381793999622746e-01 8.383548832769454506e+00
3.644628503898806660e+00 -1.322034860537681489e+01
3.343464682420626222e+00 -2.984219416489938936e+00
2.565768025195697799e+00 -4.574416310451469236e+00
-2.959537453846336152e+00 -3.802855581548738595e+00
8.952322901253825904e+00 3.832716409097289390e+00
-6.823879590020055730e+00 7.324375653904765748e+00
-3.884482458493424328e+00 5.894287379437712637e+00
-4.032851192811882868e+00 -1.172637911820293688e+01
1.529203887424715091e+01 -6.589928090307390907e-01
6.204791531162129559e+00 -2.368054238026132019e+00
-1.197307059965005394e+01 1.440446343527036888e+01
-8.178748419698443684e+00 1.477616016705398394e+01
3.138464350263427516e+00 -1.426559334894601605e+01
-7.607908792420586153e+00 -7.088317282944068154e+00
1.015642985925929942e+01 -3.399236775307025393e+00
-8.422169842737893930e+00 1.165116311011991890e+01
1.187534327318851801e+01 -1.444578519103139236e+01
2.604494968030730995e+00 1.022588013350227065e+01
8.564976732501108359e+00 -1.401382218763764165e+01
-1.056152048002853050e+01 2.162968116921362594e+00
1.145562582283790043e+01 1.131882426786488871e+01
-7.665139677994583067e+00 -9.335244567060460241e+00
-1.526898913245167577e+01 -4.269578756175605783e+00
5.566958182691898571e+00 -6.738340271475335541e+00
-6.109000956588272579e+00 -1.342333065078387122e+01
-1.142978902992524137e-01 -7.366505010835367351e+00
4.837898700667945917e+00 3.177768969798448584e+00
-1.335533859031425186e+00 3.064001179165441791e+00
-8.343224868624767865e+00 -3.831784153123851677e+00
-1.083343608624390519e+01 1.341869702086053984e+01
-1.897850780289139505e-01 -9.601893341606913879e+00
-3.078371288842913778e+00 1.269281564867783763e+00
-6.567578623563011142e+00 1.567194012859358310e+01
-5.850940097056500200e+00 1.213003840817042045e+00
4.760457693927074629e+00 -9.633332695085186970e+00
5.573942991353071363e+00 -1.159010999802452924e+00
-1.485097879380232300e+01 -1.440051995206421687e+01
1.529928012141379412e+01 -1.171719455663190779e+01
-8.569802925429533147e+00 6.087984284983043892e+00
-1.268791618588167047e+01 8.345318638453846916e+00
1.415614948778874549e+01 1.309909487682142348e+01
7.017945182371387425e+00 9.609632141555824347e+00
9.930531428130628058e+00 2.496104207254268736e+00
6.891206536510851244e+00 -4.115715986444008934e+00
-2.913758637580345034e+00 -9.524419334970456674e+00
5.603391666720690667e-01 -2.643815673648534315e+00
9.185658793692024204e+00 1.541768656467566778e+01
-8.191314669819133698e+00 -1.570159413320088149e+01
-7.425238497178996866e+00 -5.549898845317221330e+00
-1.417226506928464325e+01 -2.264421312374398809e+00
1.036606459744978004e+01 5.961600196288357800e+00
1.692908277912368586e-01 5.351502086254342316e+00
-1.462169621262264485e+01 1.399604986529020501e+01
-6.948747786701814810e+00 -1.857521375735150748e+00
-8.476769661404475187e+00 1.049707884481608211e+01
1.576875178327293447e+01 9.174873963536230193e+00
-9.394808107946518660e+00 1.446065855030975733e+01
-4.129958673385633716e+00 1.113412641383523471e+00
1.294402941685500252e+01 -2.073325214443096920e-01
-7.130906199867277806e+00 -3.216585697641946684e+00
4.560687238070761040e+00 -7.229508624151960383e+00
-3.137206091920380580e+00 6.730962319974909569e+00
-1.528220101812254761e+01 1.040597752037007240e+01
-1.372902923334480008e+01 9.534368606357267240e+00
4.502718942421764403e+00 8.154021560483268871e+00
8.411676949402085768e+00 -9.509311060704403573e+00
-1.361790455603233241e+01 -8.333899366949708565e+00
1.064687622574512993e+01 -7.697106075420056648e+00
5.328690063110635755e+00 -2.544512613154304326e+00
-1.540819643146242690e+01 -1.278464409519211742e+01
1.336872557836306008e+01 -8.359340876903495143e+00
1.148955261351869339e+01 -6.889665657217142858e+00
7.301339402148410151e+00 -1.381784311211581340e+01
