-5.029022937812471561e+00 4.405915006203050766e+00
-2.997260809453606623e+00 -4.100780991367791173e-01
-7.289934460743484834e+00 -5.193922208530680429e+00
-2.284224228726878803e+00 3.938121625405527348e-01
-7.240928890592308598e+00 5.725772703627496352e-02
-4.815649042452559314e+00 7.542235519403215349e+00
-5.898151551085721422e+00 -1.558784965561246905e+00
-5.177678203893449904e+00 -5.997854017494534062e+00
7.869582213994045006e+00 3.174589128129071902e+00
7.682928111474653043e+00 -5.927501735842305663e+00
-6.590329690110112715e+00 1.749685884327612184e+00
-3.601647157198634819e+00 -3.369403033678443293e+00
-4.128696993413169203e+00 -6.456428814167137986e+00
-5.169835396498492663e+00 3.615951004575050365e-01
-3.471744184308020564e+00 1.877185813374735890e+00
-2.464838810089900800e+00 5.657584637320404397e+00
-5.559426199940944002e+00 -3.746128524642391433e+00
-3.898000158592917597e+00 -1.089058314679540285e+00
-6.028719466160980645e+00 -3.770872352164308938e-01
-7.627175762464855069e+00 2.169557526573406836e+00
-3.186839605131682074e+00 -5.735598234198715062e+00
-6.908068647632184422e+00 -1.088245028021905147e+00
-4.129853465768166920e+00 3.862582862025959463e-02
7.092430099938293431e+00 7.846985355947703411e+00
-7.121360370932650063e+00 -6.443807613243244248e+00
-6.795659141442988549e+00 -7.542773129885357974e+00
-6.258763249544278651e+00 -5.706903108489256304e+00
-3.821073139788317530e+00 -2.299696120640032149e+00
-5.824451020581210337e+00 -2.615576115341881724e+00
-3.314843945846486672e+00 7.527057859334412848e-01
7.306973556213188559e+00 6.617831381914372813e+00
-6.889654556195068835e+00 -2.231852994304870386e+00
-2.821680009582441251e+00 7.776504092881473262e+00
-1.133129868706577392e+00 2.395016904208852715e+00
6.428277531009507051e+00 5.903527213088162640e+00
-5.745630087367808336e+00 2.584481962331622196e+00
-3.789204793873879762e+00 7.134342329878853306e+00
6.882608295286518185e+00 3.617130501537810794e+00
-6.345915382235924440e+00 6.672225862950666997e-01
-6.594240040110303624e+00 -3.374849515995892002e+00
-3.128183261468790555e+00 -6.931750113547790804e+00
-4.254188280490946994e+00 -5.257561475104206572e+00
-5.310598522084828410e+00 -4.867117935582723653e+00
-7.127547394751668541e+00 3.983403321660017316e+00
7.035228961852379115e+00 2.377045671605727772e+00
-2.709418216386952682e+00 -2.684589613488479465e+00
6.834239556551311878e+00 -6.821730247894754129e+00
-4.562526944161509057e+00 6.328973769566355045e+00
6.213967082950595078e+00 6.959725791000086481e+00
-5.546016808343736670e+00 1.453701449563056025e+00
-3.339567608120405318e+00 -4.485505342296987941e+00
-5.587227185154956643e+00 6.662239313975415911e+00
-6.023535097520924531e+00 -6.782185755961134710e+00
-3.911583230123058197e+00 -7.592222135319325105e+00
-2.540476753330757731e+00 -3.824454250864953053e+00
-4.948917658934727015e+00 -7.185747559741679780e+00
-7.619171164184270317e+00 1.071689642057851222e+00
-2.605737189245439733e+00 2.657499360482771245e+00
-6.824786164437482761e+00 2.874155232718755837e+00
7.896812522257825151e+00 -7.152949226277821815e+00
-7.477014687640912705e+00 6.270991902798569662e+00
-1.609090113724774840e+00 -3.026192744764053977e+00
-6.653271166817399163e+00 7.057769661131824357e+00
-2.808073463473032660e+00 3.727246144060360145e+00
-2.120093906187207722e+00 4.571905767596510906e+00
-4.672241197704845028e+00 -2.983499578645531169e+00
-7.704242862150318949e+00 7.466801468151298415e+00
-4.313739235813769390e+00 5.193585292320619828e+00
-4.376712229011635813e+00 1.163632422053109572e+00
7.654870380211441727e+00 4.441101500289993176e+00
5.216439408884005147e+00 7.570705690236351870e+00
-4.535439921803555485e+00 2.240693920412823559e+00
-4.032223501327694137e+00 4.014488053513679766e+00
-1.802792440452199330e+00 3.499958039741197791e+00
-2.459744890647264981e+00 1.533857901497286846e+00
-6.392811648902970489e+00 -4.465129945584593862e+00
7.453528471450558968e+00 5.503572372837847837e+00
6.585503334736540815e+00 4.793706414167121288e+00
-1.416718327002510769e+00 1.247083777338616750e+00
-5.017017246594732249e+00 -8.153483760042339323e-01
-2.099420568603487247e+00 -6.089833791471887636e+00
-7.426056659568889273e+00 -4.094723401241540550e+00
-4.806838429421875780e+00 -1.852518664048338426e+00
-2.732595574458171139e+00 6.697478206495331321e+00
-4.348918031023251807e+00 -4.155416313961186603e+00
-6.204860444650141638e+00 4.586609579855545960e+00
-6.474146532872416593e+00 5.763618473375886175e+00
-5.808741628912229338e+00 7.837458677227808757e+00
-2.837550516191107430e+00 -1.540196442430724399e+00
-3.679953616272227279e+00 2.993982546316085180e+00
-2.069932737819053070e+00 -7.221926882045138107e+00
-5.411465238516222520e+00 5.454470713556195172e+00
-2.261596666393148602e+00 -4.903985819639853361e+00
-1.938879247646184023e+00 -6.935582334609472488e-01
-3.517409913392026244e+00 5.937148847107307503e+00
-4.829775744856103614e+00 3.266432310417834550e+00
-1.624004466443586869e+00 -1.842218592685161305e+00
-7.274032944439261961e+00 5.016219439008972714e+00
-3.204877118164923822e+00 4.781531351029193466e+00
-5.860040209936583366e+00 3.603447684210728141e+00
