-3.800072876799485133e+00 -4.331811814237206626e+00
2.029704510208162116e+00 6.751672466442385279e+00
3.678715763940171857e-01 3.437555427004875153e+00
-7.240549348988015055e+00 8.997125870277493220e+00
4.642976448671039869e+00 -6.689898824405240418e+00
1.080667295481861467e+00 4.800873288438401332e+00
7.542523456286917671e+00 5.797147917957584440e+00
8.738433348129626133e-02 1.685387570257755596e-01
5.741916205769188153e+00 2.756376185570190263e+00
4.705974017593507419e+00 -3.835762398237762216e+00
-1.678026715276363046e+00 6.213511228523881158e+00
1.966070862912654205e+00 -7.007768905537887782e+00
-3.158616752940588412e+00 5.583368912649552485e+00
-9.026436394474227853e+00 3.572512197560917091e+00
-5.194545561094306763e+00 -5.044772604227745205e-01
6.262892447462361289e+00 -8.653545812887514899e+00
6.709023658654369449e+00 3.315130584958402515e+00
7.841031976036752837e+00 -1.625492469849670538e-02
-3.768815648362052073e+00 4.187645915258007001e+00
-1.139027173046521124e+00 -2.060034256384638329e+00
3.424341797342619564e+00 -3.421648904796135149e-01
-9.103422639354596058e+00 4.683829060127139066e+00
-7.024905294603205341e+00 -6.921439339780128819e+00
-5.099955278755951227e+00 -3.763407080028344787e+00
-4.051115223204105220e+00 6.604868956960672222e+00
3.961583639019206959e+00 -1.220685107534229097e+00
5.111668191344076462e+00 -8.178997409123681450e+00
4.950157554300984586e+00 -3.283135994476346631e-01
-1.736968780685160807e+00 4.910024853279260526e+00
8.957339042547108221e+00 6.953143536474650332e+00
-3.920894735119309971e+00 -2.424370822917346846e+00
-3.208447755529510115e+00 1.505182927679166727e-01
8.932491943777431942e+00 -1.433716656831087177e-01
-5.881927560917610265e+00 6.569214040369406149e+00
-5.006022556152603720e+00 9.007285500225906461e+00
3.592989550157574818e+00 -5.250754348334272237e+00
-9.071027748784064926e+00 5.862103933883505924e+00
7.995083665397874739e+00 9.086933886661665127e+00
-7.141706944964141712e+00 2.220281839000714186e+00
-2.231935473767158395e+00 6.870469394658799134e-01
-1.532203211589841851e+00 -1.615811404018097641e-01
5.854349341726790890e+00 1.770104329101371166e+00
9.158613997604467816e-01 5.996238841252966800e+00
-4.534828944905047621e+00 5.317318821636076720e+00
-7.393740488790387033e+00 3.637920041310357178e+00
-7.693593387311372211e+00 7.335494667457661322e+00
-6.819817909221561614e+00 -4.984056477102728699e+00
-9.094799112181854994e+00 -2.176475016329765033e+00
3.102138636256305926e+00 5.317446988079074011e+00
-6.065355103848199647e+00 5.021601951337380854e+00
1.952830980413925444e+00 -3.583273016764104146e-01
2.081186873920331859e+00 5.479980626169418834e+00
-2.450370081708022896e-01 -3.307605685497216896e+00
-5.526058898579204737e+00 -1.817041734893176663e+00
6.486220463194164232e+00 5.607952346605284077e+00
3.761557819028995997e+00 -4.189697950746926303e+00
7.986132240131162519e+00 6.898379435383462877e+00
4.962023416520537467e+00 3.583965472686219567e+00
-2.547889224508666395e+00 -7.169782680622042825e+00
4.748392643509903088e+00 -4.915263419457615690e+00
-8.505706576251244044e+00 7.837550377796120848e+00
-3.553080364325463147e+00 -5.523003600011741732e+00
6.298154755573763808e+00 -4.444948909162712347e+00
7.085732079188337806e+00 -6.709414878653251257e+00
7.898990422875639794e+00 -7.255388012057524705e+00
8.663526966641160953e+00 2.172454600386401591e+00
-1.252153727785542792e+00 4.007781088802476965e+00
8.278043583806724559e-01 -5.682100120410356503e+00
-6.431370544549841917e+00 1.449965204283013120e+00
-8.963554694154000302e+00 8.961948111825025265e+00
-7.657599931182978104e+00 1.329613050229931925e+00
7.486127082096956542e+00 9.346130734493494074e-01
-2.580705165820730951e+00 3.568788093128878014e+00
6.389227543001634757e+00 -1.265375555648748707e+00
3.811355016446936528e+00 -7.670858726589428578e+00
-7.685099149954315756e+00 5.816391695682106899e+00
7.508446805996025653e+00 -4.671536249769886240e+00
5.658372925468169168e-01 -1.248801528530077309e+00
-8.598710168905466800e-01 1.052392343887601944e+00
-1.666476117563977510e-01 1.968136870742025257e+00
7.349127346731512134e+00 -8.196718856527187569e+00
4.949059531095285180e+00 -1.320397368823944539e+00
1.953100513330316090e+00 2.438525538878238308e+00
4.380702979945864328e+00 5.558233652984294615e-01
-8.401713373199740431e+00 -4.904096868742107596e+00
2.442064784233015651e+00 4.362320448820804941e+00
2.269393556809305323e+00 -2.746984858727683942e+00
-5.494394796831072014e+00 -7.784734421925510794e+00
7.701993110900204442e+00 -1.089551837928452116e+00
-6.033449701570041235e+00 8.985341313704978461e+00
-2.897350594304376692e+00 6.640622074258765828e+00
5.956683054742082817e+00 -7.729091754243066603e+00
7.109149828660691561e+00 -5.555036712905082830e+00
4.288706952504055536e+00 -8.847090448310115818e+00
-3.565359471346805975e+00 -7.825814377947190259e+00
-3.552308519348959415e+00 -6.437322384900138417e+00
-1.533816662552858201e+00 7.314479196715116593e+00
-7.283307149501076161e+00 -1.570053520821891868e-01
-4.041311698710592815e+00 2.568879197589859942e+00
4.517222041226404805e+00 4.837245990882117930e+00
