-1.262647558099074807e+00 2.638212701849148800e+00
9.114944613262261797e+00 -1.516330720539258659e+00
6.787309846258917645e+00 8.796962939787587032e+00
-5.851349354028968719e+00 8.961928230240115312e+00
-9.328376675085127800e+00 6.370533060079042187e+00
-7.013465169976540459e+00 -9.146856952971377908e+00
9.300020480197993322e+00 1.069891440506127278e+00
-1.347733927367061879e+00 1.399045301025817922e+00
-2.852908871329590812e-01 -7.126189041646419753e+00
-1.095681303929937123e+01 1.066928664602301779e+01
-8.185334066968824374e+00 6.420893520420895229e+00
-7.986373034739203902e+00 -2.703009383889990458e-01
-5.535001312979278332e+00 4.242114771068639989e+00
1.000616229336830898e+01 7.358616494415050724e+00
2.664337823643404768e+00 5.303913976984706125e+00
-3.734925341933550413e+00 -4.514873890425289638e+00
5.231452014292723440e+00 6.710358356903496357e+00
2.277765054265692868e+00 -6.780232736741529820e+00
1.077896624976861162e+01 9.475344284399479511e-01
1.144128675935245365e+00 -1.130520858513020865e+00
-8.133851675186940966e+00 4.354909359239730549e+00
7.158782991482079083e+00 -1.040730895402327327e+01
-1.089718746103123159e+01 6.619512266749215001e+00
8.528765258934194904e+00 7.584834149218604438e+00
7.769569415276343705e+00 2.128485220656374022e+00
-7.794860936464114154e+00 -3.209862500089310622e+00
3.992640259522290069e+00 -4.890485075008673022e+00
-1.567348182349213248e+00 -1.028008655620871359e+01
8.660397658633996798e+00 5.721137536687247227e+00
5.131522129462751103e+00 -1.385258725318033735e+00
-8.705405837720261886e+00 7.277764777876400970e+00
-5.768776142696697917e+00 9.464266441171972910e-02
4.409796669194857799e+00 7.756785055388418115e+00
-4.776186055647023920e+00 9.302820766859909440e+00
-3.538832051666954692e-01 -4.267906069504318722e+00
3.028396878409651993e+00 8.147700668507331656e+00
-3.818110036375563787e+00 -1.947058385270821756e-01
-5.889693454284584684e-01 7.533555463578776035e+00
3.135013051631648562e+00 -9.696727097120298566e+00
7.137333511554230014e+00 5.107367396047848729e+00
5.021064548389122528e-01 -3.356250770633812941e+00
4.860689558784922149e+00 9.645858069739901453e+00
-2.885053484326829953e-01 -1.107408923957798663e+00
1.494156731561476992e+00 8.418665505086137202e+00
6.216267038831782443e+00 -6.722528681994721644e+00
6.085626308119104877e+00 -1.030043168084173644e+01
-7.041428813024553257e+00 3.113095247516035169e+00
-3.692919344029268913e+00 -5.673040342951920501e+00
-8.091416644074580944e+00 -8.768439879412373017e+00
-7.499157970385684102e+00 -6.041468741338417381e+00
7.941581040216182608e+00 8.811539625063071313e+00
9.803022546980884044e+00 8.607050899280906719e+00
-4.701959099258171904e+00 -8.167863518091156294e+00
-1.041289800034007840e+01 2.732934140854890170e+00
-1.104669412131826789e+01 -6.578634903323841598e+00
-7.451860468965380235e+00 -4.448706681575424149e+00
1.032034993336799111e+01 -8.489202848081921715e+00
5.328587534507704504e+00 -2.624913237567381152e-01
-3.091758170289186314e+00 -1.058901185451435190e+01
4.991730044038090952e+00 -9.402930262880648371e+00
-3.193800155354648673e+00 1.073550410308394198e+01
3.239364861995893463e+00 1.056061849294311017e+01
4.717195107591622083e+00 3.403918596408603836e+00
4.680444251339731743e+00 2.227049638250458763e+00
2.664345192625201530e+00 3.992492837515096316e+00
6.402620774406372561e+00 5.981750281766466948e+00
8.754558904174247758e+00 -6.237255706490994811e+00
-3.110861956228122338e+00 -7.390280136960275748e+00
-2.556498019822496248e-01 -5.456382078157913540e+00
5.871173809204668359e-01 -2.134611154735496008e+00
8.799540554709972540e+00 -8.107681096535291232e+00
4.919830034100690419e+00 -1.069199208456762484e+01
-6.307784944228829183e-01 -1.946315753585463049e-01
7.193999535703969883e+00 7.374328861188127249e+00
-8.168055162816513004e+00 -5.338739309905069064e+00
7.067615118576637379e+00 -2.603301268694468540e+00
2.240398585604415516e+00 -1.100851388229472860e+01
-5.707936064451428315e+00 -9.502507055208139874e+00
-8.241069000536667133e+00 -2.093736179043895973e+00
-3.883673061681698346e-01 3.258678319422372738e+00
7.139841680499254828e-01 -9.133094855816249691e+00
-2.736393565497888591e+00 8.427485834105493012e+00
-5.284084292364438440e+00 -6.750204597979924337e+00
2.882323760873858998e+00 -3.441775532352433942e+00
3.468551019204371144e+00 9.163615828573108857e+00
-3.973458350828392049e+00 -1.342660653393095149e+00
-7.280508426290552393e+00 -7.747799066066532347e+00
7.400304352209674086e+00 1.039385180872614178e+01
-6.687002389598151630e+00 -1.039903731279196286e+01
-9.133601063302602130e-01 8.528730946274912128e+00
-6.722492310378806124e+00 -5.464583900269806005e-01
-8.133366962928983313e+00 1.085756006190653800e+01
9.457138893038536054e+00 -4.091293318087031672e+00
-1.500854523099984128e+00 -4.111256029699873693e+00
8.699762449216597915e+00 4.519961628918263585e+00
-4.720351182754995434e-01 -9.404086383322381337e+00
3.688336608502187808e+00 3.875363505779434004e+00
2.613600666392472682e+00 8.051974138557739247e-01
4.176541300484094776e+00 -3.372875084411283364e+00
7.186697601708971206e+00 3.038494060037260081e+00
