7.316897626805977772e+00 3.612334625389274301e+00
-8.461760081544317913e+00 -3.558897383979953588e+00
-5.736815750120086044e+00 7.467143037139304163e+00
2.320443708966088092e+00 5.875813984064887086e-01
9.393726974008959729e+00 1.261229973923830627e+00
-4.644409228704824422e+00 -2.137913111146177325e+00
-4.020287603028746548e-01 3.139525544795829681e+00
-1.963687734016455799e+00 -2.491179168640177188e+00
-7.110614867914996085e-01 4.131220267187240225e+00
-7.447243728470771984e+00 3.357669322253144628e+00
4.082595560874791474e+00 2.036253148061332396e+00
-9.866371444552896719e+00 -1.166069660500646393e-01
7.297667518279861376e+00 -7.412742107825132098e-01
-4.944559848188279538e+00 -8.911758495902293298e-01
5.844426128140106647e-01 -7.836420435251516992e+00
-6.062452726753559951e+00 -1.361822043492656675e+00
-1.275240490160906903e+00 -1.158726132885924409e+00
-6.965428332473381445e+00 -3.372508796260932140e+00
1.000596865868648599e+00 -1.266064566654236112e-01
-3.877308472373114601e+00 6.357196080770972202e+00
-1.863185812234136041e+00 9.149633508507124091e+00
-3.640103466750220562e+00 -8.268402529655263677e+00
-8.950240779561925208e+00 -7.293140381498346869e+00
2.941434537259960624e+00 -4.360840953359619299e+00
6.718843049410323509e+00 -4.824171860470601203e+00
9.052696818250009159e+00 9.550834817270446919e+00
-7.403774818558217063e+00 4.550467783930617571e+00
5.205420699491456915e+00 7.061642892252240067e+00
-6.848190375517473782e+00 5.695725736898495484e+00
8.610154751385168836e+00 2.223272816363524917e+00
2.484664708556928669e+00 -9.078813510264735598e+00
-1.446912534232570602e+00 8.197423809718312526e+00
2.220139381766658371e+00 -7.081503000047990604e+00
1.986423420265517104e+00 -3.606656504685125331e+00
-6.571316775498587504e+00 -9.562949484442629711e+00
-8.876848268143643139e+00 2.253489054578706963e+00
4.905934103539797420e+00 9.333707970763763129e+00
5.591812593076991966e+00 5.078548705093939297e+00
3.219196357051858914e+00 -4.848809353338870420e-01
-9.891278139383113954e-01 6.401927948525002243e+00
-9.450576851847754867e+00 9.255585163322894715e+00
2.417706619838094984e+00 8.411218471866760638e+00
-7.009395627865885103e+00 3.452797313751531094e-01
4.144547648050819433e+00 -7.599129398801725443e+00
-3.705443213038361883e+00 -1.267350626314337481e+00
1.466535394595301023e+00 -8.648610352986864314e+00
-2.552897047280974885e+00 -3.630006682586338851e+00
3.323845084695747243e+00 5.851410360090546270e+00
-4.452029399797091003e+00 -9.354331344043316676e+00
-8.175627931158812700e+00 -8.103086053798993049e+00
-5.396322118346022378e+00 5.520032077977415241e+00
2.965521079384735970e+00 2.543951964799610721e+00
3.271115846545189498e-01 4.249649146508473585e+00
7.774725247291626395e+00 -9.844058238491964374e+00
-9.923564858005049061e+00 -6.847048007206321785e+00
2.229175194505124580e+00 6.619166126523506222e+00
-1.189016095566422515e-01 -5.935555229375756525e+00
-7.570376093310518861e+00 -5.505182183126741791e+00
5.772663184457620389e+00 -3.932028779931151075e+00
-7.377018280296319119e-01 5.239615791850760651e+00
3.799665087217316550e+00 -3.003615007529734982e+00
8.557432565144504011e+00 -8.485257405057983204e-01
1.000338102140576391e+00 6.186687495006039761e+00
-3.470404657528843195e+00 3.877833092566547180e-01
-4.616741291494514066e+00 8.115831267462967347e+00
-1.713107235111902771e+00 4.728717548540050331e+00
-6.096298783222111162e+00 1.062211651089540299e+00
-5.575610873141698676e+00 -8.671558578082638746e+00
-8.774177235786320139e+00 -4.871478698022285059e+00
-2.109016226556208906e+00 8.117641332806792009e-01
-5.038181569878157795e+00 -3.550474231909004352e+00
-1.435360723856917153e-01 8.124404959700014528e-01
-8.249456463747490531e+00 -1.741330910512525199e+00
-4.268702476227540288e+00 2.425056156373868177e+00
-7.153792899124293392e+00 -8.642186976567893808e+00
-1.655495334003445729e+00 -6.425181781583802376e+00
-9.415301348042850904e+00 -1.184796972572684570e+00
1.167518568686209290e+00 -6.679597303178428369e+00
-8.318644085702702640e+00 4.152337208788789091e+00
-9.219861526103196425e+00 6.485452855094594682e+00
-1.759093295606174001e+00 -1.458847512958753867e-01
-6.019919049880295248e+00 6.352116397179843332e+00
-2.819712037986235931e+00 8.625491040268533638e+00
4.642084121130765517e+00 9.248713257331864224e-01
5.370053126360317286e+00 -8.433703343617352743e+00
-8.561754040941734090e+00 7.495913602024073086e+00
-5.679076709622622454e-01 -7.226009474203479499e+00
6.250812566190226960e+00 -2.190394853788454999e+00
-2.777644339912376914e+00 3.447586110904986345e+00
5.344209094529016824e+00 -7.209021894722970281e+00
-4.466515470222447881e+00 9.382083784324501963e+00
-6.493174653063894519e-01 8.914373825208425473e+00
3.508274676906210310e+00 -5.818743032916404267e+00
9.358613009501013380e+00 -7.830452903469804049e+00
-2.841488757522292019e+00 9.687564845964633520e+00
7.355725676200081331e+00 7.123943974332373585e+00
3.801639060480781929e+00 7.059649260198296972e+00
-5.736230742477011368e+00 8.479375877650772608e+00
-7.057986031437229357e+00 -1.875108703564303259e+00
-6.515733981103778660e+00 3.882622744751949462e+00
