-6.370462396272464467e+00 -2.931751245420389118e+00
-1.389575693661627254e+00 -5.478267667329522084e+00
-4.548391664798640655e+00 1.257459372743268355e+00
1.014470799738940388e+00 1.170397321295919824e+01
9.152236934897080900e+00 -7.708907644661007197e-01
9.295398608969145826e+00 -6.478081234289058798e+00
-1.553714061864622353e+00 -1.791522716473364252e+00
-7.486141666311738163e+00 -5.682865874373010939e+00
-9.036842545434609519e+00 -6.389363213577831324e+00
-9.979648665059407620e+00 3.496303263019763019e+00
-8.311586253984176720e-02 6.387694739638811292e+00
-5.610871515444599389e+00 5.363599935691166110e+00
1.015646681648217076e+01 2.159874967189609585e+00
4.968067833308277059e+00 5.131255487829861295e+00
5.925755316342932844e+00 -1.107371630379070382e+01
-4.402840697264746694e+00 3.940096365163449299e+00
-8.700515558970492336e+00 4.522826302387626285e+00
9.280126226746892470e+00 -1.888530094839499185e+00
1.276028690222722872e+01 -1.066636676006484485e+01
-1.165035604335447594e+01 -6.414319666688847121e+00
1.011507799786119222e+01 3.452103350090854228e+00
1.208639693695891815e+01 -7.147440223288752392e+00
1.978880981708694975e+00 2.665343916306759819e+00
-6.135035109145762000e+00 -7.991339352271555008e+00
3.708858502050910388e+00 6.525339373692549572e+00
7.108860896876727509e+00 3.354501030415844465e+00
-5.503236380509846981e+00 6.497673577205890894e+00
1.186643893775990577e+01 5.255794556395287032e+00
8.572647781089017371e+00 6.024471696674782439e-01
-1.266018160077663879e+01 -4.743912838522175157e+00
-8.587208590873926184e+00 4.496889520444021793e-01
7.930858314204750847e+00 -2.557006642043657685e-01
-7.497037525855116513e+00 3.876272579817700681e+00
9.497429369713083602e+00 4.427714026389581115e+00
-1.005566997146107333e+01 2.393188996888072850e+00
1.167572521697282184e+01 -1.141502343174837542e+01
1.161758915630831446e+01 -9.501635003789568046e+00
-1.209723889422370569e+01 -1.038442943084387515e+01
4.191657639002231761e+00 2.410242749215607549e+00
-6.012271729440172408e+00 -9.465868110149244785e+00
-9.615853302841031791e+00 -7.642220326851919765e+00
4.774057171287183765e-01 1.045852610353292000e+01
1.097603545327942776e+01 -1.036510037451670208e+01
1.225820135063543859e+01 -8.301115520640442114e+00
1.158616584247127257e+01 3.571109378146937630e+00
1.036325713386335501e+01 -7.195778956361064793e+00
9.791658165833773353e+00 2.155841825329833927e-01
1.058760029718717455e+01 -1.346431745583897444e+00
1.235080874267110573e+01 1.078475315841689230e+01
-8.905345731330767123e+00 -1.174123442271085160e+01
7.422691458501865291e+00 1.032335711547018420e+01
-6.985960095537791403e+00 2.569141584286498414e+00
1.710753370606705293e+00 8.997719411978421178e+00
-1.637195571286632623e+00 -2.876799831738072744e+00
-7.918237168097005174e+00 -9.818579212243568222e+00
9.918635890320942394e+00 -1.267643367540518717e+01
-2.589659849030451877e+00 5.869668163766599278e+00
2.073750077267239700e+00 1.183131725257134903e+01
8.812064127325470508e+00 -1.244635273981257839e+01
-1.111085800494612530e-01 -4.765393510603519900e+00
-7.824897079489381291e+00 -1.278723262226613500e+01
-6.435883099278063568e+00 -4.107400390467905282e+00
1.589110024942729904e+00 1.014938571107611587e+01
9.005272820387494548e+00 1.522825841100963418e+00
3.256825815110691913e+00 9.074706957966791165e+00
-2.656339433765544378e+00 -5.420966216148960015e+00
-4.081057921821410694e+00 2.703920950941252510e+00
7.501628612860301359e+00 2.318420380680651594e+00
1.204448243073328051e+01 -5.759768220789066362e+00
7.245999610028008853e+00 1.062043280218451624e+00
4.285701178358639396e+00 7.797984047405317476e+00
-3.220357879213685326e+00 1.538183762575521030e+00
1.005490346631369292e+01 -1.132770759226523971e+01
1.651791260465761857e+00 -7.840157937951125255e+00
-5.538436728500561124e+00 -1.215439507281266174e+01
-6.499698361287346238e+00 7.632084988724939123e+00
-2.152019138856511749e+00 -4.048784371700040019e+00
2.683938700576026459e+00 6.910130435729283427e+00
-1.235573353922634432e+01 1.198520288728146355e+01
-1.193819372522006539e+01 1.044048996052513800e+01
1.184250963988925598e+00 -1.050078534111111850e+01
1.093375740868943780e+01 -1.241720307373008048e+01
-8.916598128982316851e+00 2.326361230106317901e+00
1.061904365277403528e+01 -8.603794801138205273e+00
1.127468182065993041e+01 5.852673094219252858e-01
1.233250125665956887e+01 1.186667326990773397e+01
4.383007750450400586e+00 9.298633034072675940e+00
9.663981776723170825e+00 -8.101853750236811536e+00
1.952111166701726575e+00 7.783630144637586845e+00
8.652022367771571965e+00 -7.496405675355779508e+00
1.036452550663849514e+01 -2.351008542179939820e+00
-5.116957922483382326e+00 3.088733862778086259e+00
1.100426293780178355e+01 1.237148909618433024e+01
-1.219552089384337812e+01 1.970329917721916457e+00
3.970496551896670834e+00 1.178253643889410895e+00
1.273935176604225994e+01 1.286387307068743269e+01
1.187319984593061761e+01 1.521986054695560142e+00
-1.258412534534511629e+01 -5.781882936865012645e+00
1.263925577768715947e+01 3.674361148177226699e+00
-3.676933737473562225e+00 -3.524352397889236044e-01
