5.305225776955510675e+00 9.685753768834256761e+00
-2.930979737448808020e+00 -7.355175289577340791e+00
7.689587678901229850e+00 2.031682472019802344e+00
6.412736812916151941e+00 -4.293857481963656575e+00
-1.044535229238212537e+01 -6.423414769632143972e+00
7.805691356462819641e+00 6.548185202457156961e+00
6.447314904101266286e+00 -1.261866838837481630e+00
-5.102307257932738871e+00 -1.208664286254861553e+00
7.053528233602513353e+00 -5.830340030041670119e+00
-9.261757578060809237e+00 -4.193356146927690986e+00
-2.077648999243758343e+00 -6.998958788157683131e+00
2.905394130978701028e+00 2.306447437498882369e+00
-5.700188858604457565e+00 1.632674776100842273e-01
-3.630543313032863928e+00 3.558353908070045257e+00
3.391331765475026572e+00 1.110331849096669155e+00
2.109273350965892579e-01 -1.101005735140595476e+01
6.557364776057639233e+00 -9.787599449244218874e+00
-8.929316161911650340e+00 1.601767220273460746e+00
9.345566831030216903e+00 3.148581739276864688e+00
-6.195774668245453753e+00 -1.186448558458153446e+00
4.986757513041220058e+00 -4.541967742012251286e+00
-5.556316895011443435e+00 6.089637447088527722e+00
6.921941513329638695e+00 -6.923039268583672801e+00
-9.821857673467977889e+00 -7.762822476997966348e+00
4.668654998476839957e+00 1.057787195363602528e+01
-8.229672942421561999e+00 3.736455899117660184e+00
-9.968161661144849361e+00 -5.015870599062353108e+00
5.533070583981897883e+00 2.186451567261681550e+00
-7.108968287417548604e-01 -7.137884437718085451e+00
-1.115821567063019160e+01 -3.023409958360637528e+00
8.537025152080195411e+00 -2.445729248883876106e-01
-8.128028797884351064e+00 -4.554556905566381708e+00
-1.279647823879286106e+00 -4.868175192839570009e+00
-2.647822867468076158e+00 -9.151919668108541295e-01
-3.743647477738405449e+00 6.876544430073024294e+00
-3.443891990941165382e+00 -1.318642815764415610e-01
-3.583201691831201074e+00 -9.967454631489966133e+00
7.703358714942476482e+00 -1.461982230542013816e+00
7.175089993357288698e+00 -2.620864870793030210e+00
9.786391251995414819e+00 4.729718613686875184e-01
7.435642116774137556e+00 5.523179049994384471e+00
9.147557958645597509e+00 4.620831743756406595e+00
1.684548469906956836e+00 1.102505362507628028e+01
-1.717791868265213129e+00 3.418312142039134471e+00
9.996572124811423876e+00 1.012756127926494365e+01
1.280972147884244627e+00 -3.173969785334281646e+00
3.894651086039931265e+00 6.131663183232745062e+00
1.031836547012716920e+01 4.345968818126819677e+00
-2.568625735597484194e+00 -9.106666206895720705e+00
6.707831622467383959e+00 7.035884547786853460e+00
-1.274127576939123374e+00 7.287053561729001316e+00
-5.032046340135115869e+00 -8.508914847960692640e+00
2.690399699530183319e+00 5.544624157446905954e+00
-1.036231260140280064e+01 3.652142551420442196e+00
3.800815839636559446e+00 8.782737032613223249e+00
-8.812405580399097715e+00 -5.391921913047176496e+00
-4.302946568073048539e+00 -2.059610388554901750e+00
-7.363788062112170074e+00 -1.140202864778925518e+00
-7.089965203248921988e+00 -2.364756464057721219e-01
9.366862176401680173e+00 -1.028510933213486211e+01
-2.718878772201057448e+00 -5.492616010145269456e+00
-4.414227917147056646e-01 9.905468704611909203e+00
-2.413897686073094739e+00 7.406721251060904621e+00
-1.065362402106394235e+01 1.268063563361564450e+00
-5.108325140494856420e+00 8.602180995455217527e+00
2.212872213593926496e+00 -9.873829566369368038e+00
-2.484445643554977767e-02 -3.237474848908667102e+00
-1.034404783650543180e+01 1.012193013716228940e+01
8.776475581863339315e+00 7.584737127586018701e+00
1.966031074617339947e+00 9.016151508236500689e+00
1.664016227915494639e+00 -1.076041171613340008e+00
-1.805995912399537717e+00 1.057942949557402734e+01
3.401109728642454644e-01 -4.201560215282053035e-01
-5.057699440273484282e-01 8.618239914267963542e+00
-8.387711476813455302e-01 2.282658870768460524e+00
-6.468095274141914430e+00 8.120182983596889059e+00
-1.094310133154833720e+00 1.041536077338188537e+00
6.191888942709915522e-01 9.301544609904551564e+00
8.324887075536295811e-01 -4.676074459226525093e+00
5.904448595150071810e+00 -5.955962007943977454e+00
4.342329352542089183e+00 1.934618668988988599e+00
8.551008384228675041e+00 1.056442803860233504e+01
-9.966479506725907100e+00 5.240501556107315245e-02
-4.339899318364709657e+00 -6.967900452387623567e+00
-2.052603118480524014e+00 -3.254943920515441569e+00
4.333436237697789295e+00 4.387204918890190264e+00
2.781904320696154898e+00 6.890848223320697130e+00
-9.275840413485664016e+00 3.151413978123337678e+00
-1.102472522953954659e+01 -4.689238011485687530e+00
-7.386506173107775020e+00 -6.072928471799685646e+00
1.847552142646969875e+00 5.030953670412659839e+00
-5.477021478717316150e+00 1.640408973366267231e+00
3.860826581736699570e+00 -7.670728676690995229e+00
-3.931080651747508536e+00 -8.736018473039377952e+00
-1.270307481674011196e+00 5.097427436483977559e+00
-1.117577551902165567e+01 -3.843229805179372294e-01
-2.318843720525425756e+00 6.215096463853536868e+00
-8.371214855208760852e+00 5.823326640295944934e-02
-4.396252507161701573e+00 1.737307836386175364e+00
-1.884261631812933047e+00 -7.915851283902611613e+00
