5.021134953227501363e+00 -6.771344004590827304e+00
4.001747851742927686e+00 6.429932729880432518e+00
5.030832496595472492e+00 6.642694046205035008e+00
5.637343278794197055e+00 -7.640106030819362459e+00
4.319664740298840400e+00 2.532940116550185028e+00
-9.068079413218022466e+00 3.842124602477828166e+00
-7.801950781372239518e+00 1.991303311114892782e+00
2.624011729974183194e+00 8.275418524574021717e+00
7.444189679192094289e+00 4.687166989898692293e+00
5.923709077655247235e+00 3.560541764448438951e+00
7.120453679754904286e+00 1.696822022639098870e+00
1.570033780728512518e-01 5.153783233637535766e+00
-4.329131452762811638e-01 8.993216471998643158e+00
8.208989549144302345e+00 -7.547737861253044578e+00
4.321346485309520702e+00 7.486262475954327478e+00
4.770144302738859921e+00 3.580364811880119902e+00
9.020987653474788814e+00 5.785014501680419308e+00
7.262486287027281939e+00 6.752226041907335663e+00
3.819684137764796539e+00 -6.788552089697779124e+00
2.123466887152237526e+00 7.335543281178364516e+00
-8.154120355185137115e+00 9.060135540483050809e-01
8.783875540437231066e+00 7.862780437521536214e+00
-8.691834676637203438e-01 7.816439816564238363e+00
6.627410147105566196e+00 7.102128434915004895e-01
4.754799367167755086e+00 8.522697875894060360e+00
6.288315657184980090e+00 -8.685011743615005386e+00
4.113929372446209598e+00 -8.769972480085941768e+00
-1.469920489223549565e+00 8.739906579556913968e+00
-8.428349783808673834e+00 4.925040081346697463e+00
5.235635657592829340e+00 -8.697810457282658447e+00
8.575226654863254083e+00 4.780713677156628982e+00
-7.921434833936323194e+00 3.951025532192425249e+00
6.991601583096676897e+00 8.713591789636938145e+00
2.285789573582427625e+00 -7.925465704840112480e+00
5.426541729878755937e+00 7.616071574491891205e+00
-3.465401474931607134e-02 -8.211211265436535456e+00
7.885891357396741519e+00 5.715151683536979554e+00
-8.796479599440786501e+00 6.851833843829626680e+00
5.231163579354135784e+00 4.557767186069515475e+00
8.139448567255000100e+00 1.592410906804033521e+00
8.127971046845052783e+00 3.732709786985892730e+00
1.463341652719562846e+00 8.310823106483706368e+00
1.915301757758268275e+00 4.215468657676038511e+00
-7.292245764857191226e+00 2.954949906086544509e+00
3.321122820786182039e+00 7.349997909240106431e+00
5.434690545779363724e+00 2.587344977355773512e+00
1.243194597526620315e+00 5.175201433978066312e+00
2.651072655042970627e+00 3.300975486835459272e+00
-1.205759696683147641e+00 -8.441973266856987124e+00
1.541375780507481252e+00 -7.054315615222227720e+00
8.156013541996854244e+00 8.740933738008212828e+00
6.352383146148846471e+00 4.601775959539257776e+00
2.873930442697765208e+00 6.338108234327281210e+00
1.130990838740044246e+00 -8.120378342183890652e+00
2.300564500031238691e+00 5.264306749704751098e+00
-5.761925222092009191e-01 5.903618337804441119e+00
6.965840584147557912e+00 3.687800267981157454e+00
5.658194366754855764e+00 5.645265000857488502e+00
3.310415171711738935e+00 2.445929265395864860e+00
7.302676432612065227e-01 -9.107034806631340018e+00
3.700779859937223470e+00 8.504682242277926463e+00
6.047554002220504543e+00 1.634023358399077530e+00
2.668837603910390044e+00 -6.980251162108038088e+00
6.169468019449702467e+00 6.623894379255100162e+00
3.001483535654319468e+00 -8.899938247044872242e+00
8.120702777558603813e-01 4.216049700711947956e+00
4.593541996754523460e+00 5.466525821880134473e+00
3.452667484659824204e+00 5.439631915063102063e+00
4.098413288728788295e+00 4.510401269291796744e+00
-8.466583801111942975e+00 2.923666087837875516e+00
4.882185643058446267e+00 1.594407617457783033e+00
7.404484428682194697e+00 -8.518263780600223711e+00
3.421757783087501004e+00 -7.843144387851674004e+00
6.237726494294936863e+00 -6.642145430421284580e+00
3.716135580975113317e+00 3.467638302844973097e+00
1.919846983727651279e+00 -8.911946737259160756e+00
7.684674951679205002e+00 7.762686359376295364e+00
1.749714233470219815e+00 6.253610706360819727e+00
6.621089852102933548e+00 7.677858301973924604e+00
-8.880349436166481425e+00 1.781098494766930163e+00
6.995928005064159017e+00 -7.406555220978888521e+00
1.382790119383867422e+00 3.258663384948856656e+00
6.760151633872911958e+00 5.639956508714424999e+00
2.944544072161501713e+00 4.413571226201317366e+00
2.095803592735930032e-01 8.056656362772871560e+00
7.693473668997806492e+00 2.671857754666613349e+00
-9.004370930897047376e-02 7.013307784411891177e+00
1.034056452106606239e+00 7.208021695416538144e+00
5.916214812183644867e+00 8.544473318647783699e+00
-8.385510109060883011e-01 4.742980886608981983e+00
-1.240311501876646183e+00 6.768554093009707451e+00
8.424818128568096753e+00 6.711918961959177921e+00
8.758429398319911741e+00 2.716917952116848500e+00
6.571227265485160451e+00 2.613228903161451733e+00
7.703517161800882640e+00 6.178666110276946899e-01
8.900399319965915268e+00 8.319444353216522980e-01
-1.681148803316423024e+00 5.671579244749527682e+00
6.412432240993992671e-01 6.140225118996926135e+00
-8.083997137346903727e+00 6.015534248538061846e+00
4.515484627672281093e+00 -7.795447106508291313e+00
