3.968105965424972403e+00 2.279407599127477368e+00
4.920433760773883058e+00 7.124673563952528710e+00
-4.710817685755948503e+00 -2.853375417974391315e+00
-1.209475550401465371e+00 -2.487477127413740607e+00
-4.249540001315037507e+00 7.535341404413265387e+00
4.232997114325162791e+00 -1.289121183354251965e+00
2.776059054845661844e+00 -6.305208151284474205e+00
6.664533397949563565e+00 -1.522196546842434106e+00
-5.883123798718416175e+00 3.327244748856616585e+00
-6.057365854215110090e+00 -7.641440787456829753e+00
7.049778140971149298e+00 7.918262506404089685e+00
7.263783918547828122e+00 4.313584891463301041e+00
-6.712629957022312688e+00 -6.254318349464325077e-01
-7.958716919484960073e+00 -6.867214919733486411e-01
-3.672009547871729396e+00 2.084153840377475309e+00
3.000771786074293068e+00 4.168966461129527623e+00
2.898339771218619632e+00 -3.183464309964182615e+00
-1.552625591638991498e+00 -6.143205284152736034e+00
2.280220510336295803e+00 -7.188997078622578751e-01
2.593259549989337831e+00 -4.630867911571227680e+00
-2.903311956060222521e+00 -1.340622737375547491e+00
5.400074006314154573e+00 2.302089351091915592e+00
-2.026234411034500305e+00 1.828411510953187102e+00
-5.939036759500280205e+00 -1.269985108994420964e+00
-6.411687134026243129e+00 1.666718597471988472e+00
5.286329698590778392e+00 -2.056683594043892782e+00
1.549752513099363682e+00 -7.293407437088099243e+00
-5.362391439445632901e-01 5.981463861805245585e+00
-3.088932079861437807e-01 7.200826130745442200e+00
-6.800526141798555635e+00 5.712055665747103328e-01
-3.219823777442731849e+00 3.423804698823513792e+00
2.492839350279436150e+00 1.583908170103050794e-01
5.099128275897210294e+00 6.065098240008062191e+00
-7.147891775406160164e+00 -1.807436456620637122e+00
-4.780778449970878974e+00 2.506239854949172230e+00
-4.360078755683930218e+00 -1.147072390966894284e+00
8.447689567834022029e+00 -1.672623681734031864e+00
5.694544718825080010e-02 3.746953112860391233e+00
3.411329905478902802e+00 8.026852891648029731e-01
3.985463894329793089e+00 -3.370852038004368278e+00
5.965353967231078691e+00 4.206382734215295294e+00
1.541940192499870133e+00 8.162402342478026762e-01
-4.980030645397417466e+00 1.856218495659546219e-01
-2.869851785693400270e+00 -7.228404203761926161e-02
5.334063455059747660e+00 8.171960546225554012e+00
3.732966919436113251e+00 -2.269874304477684124e+00
6.498136849822603089e+00 -7.940393682841531131e+00
-1.978214510072316967e+00 -3.673579517857101795e+00
2.183356876796655133e+00 -8.020363451959328316e+00
5.691990901838196670e+00 3.170433397782608242e+00
-6.218345203289038281e+00 6.592940519305417801e+00
4.112000253655213600e-01 1.344664712825102582e+00
5.966952447754135802e-01 -3.120370150211370319e+00
3.750035910540467476e+00 -8.199559268028203007e+00
3.115778933357825409e+00 5.405271661112703185e+00
-3.844138115827400171e-01 -5.583010072443804539e+00
7.756625519070782460e+00 5.344925077540746194e+00
7.597412631656565551e+00 -5.461777810650680465e+00
6.844297154358101487e+00 -6.523324471864580865e+00
5.027573023834266408e+00 3.930023427502257416e+00
1.994350042296628933e+00 -1.716823435831191125e+00
-1.831489892723493718e+00 -5.042585708947247447e+00
-8.158639039411466065e-01 2.250431643637980539e+00
2.764065698149705819e-01 2.755708971589542422e+00
-4.809017719546147818e-02 -1.849768498006836959e+00
6.050253808645840614e+00 -3.452631904626989545e+00
8.005707680483160615e+00 -4.618103898920913331e+00
9.417451137617602885e-01 -6.095062530841251380e+00
7.496449867146615098e+00 7.013120938912877023e+00
-7.402861787787504255e+00 3.002823208736250749e+00
6.338513509254924294e+00 5.215682326710410877e+00
-4.997900136385104553e+00 4.091048096482523988e+00
1.847767688121756624e+00 2.260878283097152330e+00
8.422768765310095773e+00 6.359000522048791737e+00
1.835627378312946201e+00 7.641404518525164669e+00
-7.390694480677971079e+00 -6.729181911398686822e+00
-7.361295796645848988e+00 -3.479016699637301979e+00
7.225853902109401261e+00 -7.009644130043635180e-01
5.892674441225126403e-01 6.503519458447110324e+00
-6.116396235773615686e+00 -3.828269828898104077e+00
6.295118081365426832e+00 6.731648702266570972e+00
-7.534241005524314083e+00 1.316080374232541539e+00
2.971778477580634181e+00 -7.300747340199752244e+00
-5.119091900902555281e+00 -8.301336909098171901e+00
2.880420956875354044e+00 -1.915782491904219009e+00
7.644553697863281982e+00 1.103580357409191137e+00
-3.336319063518720540e+00 6.142078250928650895e+00
3.908262190521981871e+00 -6.639593967754694681e+00
-6.769290432845288308e+00 5.706957277489982161e+00
-2.875949673374781579e+00 7.625433771183587339e+00
-6.103212866670881809e+00 4.311610654640036344e+00
6.729002422039567222e+00 3.072725141416638106e+00
-8.348846536848492761e+00 3.899795450416770670e+00
-3.885535589765514164e+00 -6.798590033095847751e+00
-5.308208023105837725e+00 -6.995791826219564413e+00
-1.239508226454949513e+00 -2.518848756323660010e-01
-1.077362085043768181e+00 -1.385226841475634796e+00
7.107858503371434766e-01 -5.696601864116123126e-01
7.098085945580827172e+00 6.139228438984736691e+00
-7.916621869509809173e+00 -8.003737921138748490e+00
