6.783644579024447729e+00 -6.638728797663538295e+00
4.725412444912249210e-01 1.571513466463926534e+00
4.861801373971286644e+00 -9.380084384965482469e-01
-7.295608549446762403e+00 -4.484631469829664319e+00
7.932825988116917193e-01 -3.381885029543751919e-01
-5.082216896687834051e+00 6.544252896753924853e-01
-5.832254695720015647e+00 1.519219280557649876e+00
-3.716339163562019543e+00 -1.143025467316913790e+00
1.695226746360867454e+00 -3.209729193465712616e+00
-1.431853585545082241e+00 -7.737185097003166367e-01
-3.644529995768507113e+00 4.869681410858182069e+00
2.189831129659011832e+00 -2.244234941920586923e+00
-4.147418075519071934e+00 -2.222117671766028479e+00
-6.471608711906186251e+00 -2.410530750397494426e+00
5.134664335042017136e+00 -2.899282642084933137e+00
-3.079735138034307429e-01 -5.565113711773709282e-01
3.936230452887805598e-01 -1.521811044955053926e+00
7.165675903706170580e+00 -5.746838387384035629e-01
-6.206642070318203253e+00 -4.234300985469821477e+00
-4.472522308841571537e+00 -3.008061986249400133e-01
-1.554631859887480427e+00 4.095754911177167834e+00
1.898111171648105167e+00 -1.481938332485885357e-01
-2.609775262534004714e+00 -9.646311188863500030e-01
-5.339083213843775155e+00 -2.321309047123039093e+00
5.973299894406295607e+00 -7.457793613682112133e-01
-1.356398232278958949e+00 2.245109871492898090e+00
4.649752337775789890e+00 -4.020943729772493924e+00
3.262437707687595889e+00 -2.047411931186010836e+00
-1.833056157693077892e-01 2.404359020007660330e+00
1.440622904362326206e+00 -4.294379617151167672e+00
3.879634588940146678e+00 -6.338587575396911866e+00
3.501751869969323749e+00 -4.237177573853002421e+00
4.231522234934400828e+00 -1.011786155037318474e-01
-2.875343080331022705e+00 9.631562843153244069e-01
9.442217458366625182e-01 2.678689474776372315e+00
1.090530144048395211e+00 -2.368542650736089161e+00
-2.265546486128319881e+00 -2.853626112050567265e+00
3.960871693873298405e+00 -3.059100207430107687e+00
6.348562074615328177e-01 -3.540164431504195353e+00
-1.898471694062771720e+00 -1.769534130904869551e+00
2.376933568901220539e-01 3.500371560630267442e+00
-4.744139566384236062e+00 1.775739065235856007e+00
-6.660912517511978770e+00 -4.636837477433067845e-01
5.327622802864689255e+00 -4.898091515503350202e+00
2.484283480813469058e+00 -4.181599264796284743e+00
-4.915489065230076449e+00 -1.214744078292467222e+00
2.620005289535882298e+00 -1.154147282806036623e+00
-3.868923896948817998e+00 7.317820674067861964e-01
5.637860064693163586e+00 -6.873951218134418895e+00
-4.263042949507717339e+00 2.712402557860479568e+00
-1.080469149203504120e+00 -2.702526922691824041e+00
3.703090561662268687e+00 -1.073372706258789222e+00
-4.500676071481453655e-01 4.304716994381933226e+00
-3.937618049175543700e+00 3.783301195979711817e+00
5.585926570936764257e+00 -1.801905526425317872e+00
-1.620713511988209454e+00 -3.779591376214808118e+00
6.047030619764399262e+00 -5.775471478451111196e+00
-5.547558866059454807e+00 -3.620163377971454821e-01
-1.010739095874445326e+00 2.633579124949677053e-01
2.909289603479652264e+00 -3.150980123342467021e+00
3.043017977558860832e+00 -5.223104989247819852e+00
6.240571059501797357e+00 -2.744897923622302560e+00
7.298850506625554679e+00 -2.505213715088162818e+00
1.174690172227218943e+00 6.902527300602905314e-01
-6.929368338066636213e+00 -3.341420327442414351e+00
5.780555140267364500e+00 -3.794434770977761939e+00
-1.733164012444879720e+00 1.121433610005400539e+00
-3.014117218118140151e+00 -1.977492719110591546e+00
4.827150541754204882e-01 -4.738467263423879139e+00
-2.087259501522654936e+00 1.110137591177265681e-01
1.244108771547486336e-01 4.622568287469924209e-01
1.993216542494751442e+00 -5.327265383152994360e+00
2.322636618027473787e+00 7.953000962697013287e-01
1.609745042762452449e+00 1.665208805882139931e+00
-6.731491945420806644e-01 -1.588898427680419001e+00
6.936294088366109278e+00 -3.639266715725777868e+00
1.471541373222461591e+00 -1.218461987666853874e+00
-8.641667729825415201e-01 3.290157198910835579e+00
4.189141198958616030e+00 -5.163788795876304683e+00
-6.648929002225542284e+00 -5.330397163989070819e+00
3.476204632586325088e-02 -2.549464397000213545e+00
-3.622834712465683893e+00 1.821130670222847137e+00
4.991625328563130459e+00 -5.964886555952351621e+00
3.049220723567549474e+00 -4.565201900600759921e-02
-2.437909180085967797e+00 2.048796211769686071e+00
-2.010728697638793694e+00 3.136612012008859640e+00
-6.025646386533202836e+00 -1.379094161089737591e+00
6.429882692597206351e+00 -4.634268761532220005e+00
-1.198693368291835037e+00 5.184784803114736107e+00
-3.245887247335169867e+00 -9.797927162484081076e-02
-3.193439538989779169e+00 2.919543277586028385e+00
7.176414906025776475e+00 -5.493350195361442090e+00
-7.134481402593740640e+00 -1.479198826953753931e+00
-2.271981634265431538e+00 4.970688896375812682e+00
-4.685698379546958670e-01 -3.573455173291566034e+00
-2.743858432635812417e+00 3.957523494600589054e+00
-6.040315536455076462e-01 1.329353958057632124e+00
-6.160274098595857062e+00 4.769570437578460331e-01
4.442504088347832614e+00 -2.047514796295954120e+00
6.643749983248471658e+00 -1.625557381529607603e+00
