4.407353785268011137e+00 -3.592425185580346625e+00
1.686544803342270971e+00 1.233667852276409294e+00
1.167764378713799456e+00 2.831119191508975952e+00
-4.110904765741737243e+00 -3.328069115612751983e+00
7.733225959616701672e+00 2.509611969232663053e+00
6.986334385173151418e+00 -1.249552886755350478e+00
7.667200705002843897e+00 4.638755073648344052e+00
2.888184818995907399e+00 -5.289716395773234936e+00
-2.856103858005467178e+00 2.135929588073244290e+00
5.927680026517598399e+00 5.615397945697694349e-01
-6.377159686790089488e+00 -6.877338644852856397e+00
-2.757238640273567132e+00 -6.636652171380776011e+00
1.341936861017348992e+00 -4.214486378398794919e+00
4.408518981992799013e+00 -8.475295540284963902e-01
8.371261070933361026e+00 -3.165712755247458432e+00
-5.791392023334767103e+00 6.103787773165572972e+00
-7.305584090487094784e+00 -1.418355456366053424e+00
-5.428136890653950886e+00 7.130133290810451996e+00
7.291480216741020648e+00 -3.048212405576853801e+00
5.405815512773419762e+00 6.233885852183351339e+00
-8.090067481735671251e+00 -5.702728501044418863e+00
-7.468875103992841602e+00 7.876271766658431872e+00
3.362103895547371657e+00 7.432784716792408375e+00
6.787009061928017672e+00 7.634975507376674742e+00
-4.867682087235610133e+00 -1.899469143205865795e-01
6.107187186158821390e+00 -2.019078078743944626e+00
2.328289252916893481e+00 4.722801118809469401e+00
-5.657216433976669734e+00 -4.273573829204204699e+00
5.112335369613481006e+00 -2.657719542387900535e+00
9.254607007698514853e-02 5.858597348841045438e+00
-4.856478008398489976e+00 1.906959956561409708e+00
-1.779576950151117387e+00 -7.850288598323301059e+00
6.636045340064073095e+00 4.229870711240294234e+00
8.248955197079839152e+00 -1.760755537975132956e+00
-5.681349070857943495e+00 9.316944157155261363e-01
1.597150613490899262e+00 5.812331330338280644e+00
4.762609074637310869e+00 -4.892485496363792485e+00
7.180474427721245334e+00 -4.319349679601656611e+00
5.575281345778217990e+00 -3.618570286690114823e+00
-8.195933476641247495e+00 7.152307716680994965e+00
-7.216783645812303583e+00 6.848941008254367802e-01
6.914429480442603193e+00 1.652266727843855421e+00
2.042578450540992741e-01 4.369175625505027583e+00
4.952238884654742712e+00 -7.345237078027018640e+00
6.275401771615628732e+00 -8.033399558411957742e+00
5.042651312367532945e+00 7.823029319341313403e+00
-7.242382641824504086e-01 -6.675175692020380858e+00
-7.123982116558216227e+00 -6.115874016486272602e+00
-1.400560214803346026e+00 1.993116256663846064e+00
2.654490017820982040e+00 3.349839376131482638e+00
-7.225879946341176918e+00 -3.791945658285015952e+00
-6.601106739056575634e+00 4.431562106042345128e+00
-6.497366266332586626e+00 -2.524328017971341875e+00
5.530162068727861424e+00 1.809589164361401270e+00
3.821940571484260918e+00 -2.324199171796418550e+00
-3.058625135407169182e+00 -8.388189448553374561e+00
8.279810169577688228e+00 -2.315550194715169929e-01
1.238086966579865056e+00 -1.347888378442548607e+00
-2.492365123243540204e+00 1.051638239211252879e+00
4.390939665847288786e+00 1.223417849158552340e+00
-2.998476977926523457e+00 -5.297466199856565972e+00
-8.141999854818713800e+00 1.124060318036048445e+00
2.996809917911129606e+00 -8.394490257277807288e+00
-1.573289620334675787e+00 3.510408850370461131e+00
3.424389154178740569e+00 -9.773213358511252391e-01
5.875326052470655647e+00 -6.235583867385650514e+00
-2.112154590048659353e-01 1.130047976282747002e-01
8.406630973826583197e-01 -6.487455195777497075e+00
3.092842292035339113e+00 5.969739327520284355e+00
9.577260509814665701e-01 8.154877695904898971e+00
4.097675206398195158e+00 5.937935845044478356e+00
6.616381019817964670e+00 5.227383759910065208e+00
6.790104766622748755e-01 9.204162905511150683e-01
3.944778493099166727e+00 1.738082307461868148e-01
-4.017528189589847365e+00 7.006149104347755951e+00
6.366962981375024810e+00 6.657956108988683397e+00
7.559649578025361194e+00 -8.267852910020335955e+00
7.630203334551729277e+00 7.037072188255636185e+00
-1.071431051192630157e+00 4.522864764371278490e+00
-4.795748055270677490e+00 -2.318765026919385797e+00
-4.699447603046092325e+00 -5.259302245775486107e+00
6.950590106460627915e+00 1.533330639086418756e-01
-1.271367431588658281e+00 7.132911657724974930e+00
-2.361049576330474797e-01 7.561155539757717925e+00
-5.535285537357028662e-01 1.269002021814359837e+00
1.954060282866787013e+00 -8.107069588975527097e+00
-1.454693265967474058e+00 -5.816497071521014917e+00
-6.214370444996304421e+00 2.335800124113908360e+00
-8.139457108611431124e+00 4.774492219962623629e+00
5.591725585495591622e-01 -7.820076624198120108e+00
-6.330063869359817907e+00 7.746892885727657330e+00
3.124342599732954806e+00 -4.260620488999911082e+00
1.904201232613808470e+00 -6.864030367625517215e+00
-8.754427441211291017e-01 -2.062944375647998374e+00
-7.553531830487989929e+00 6.217827898823903077e+00
-2.429353442435608912e+00 7.538982238289511528e+00
-8.010958938734475510e+00 2.697977924812789752e+00
-4.969468961293380005e+00 8.401267359336580753e+00
-4.156350279831325878e+00 9.646475769990359161e-01
-6.155962703581171702e+00 -3.495184736689905591e+00
