-4.094307376820720101e+00 -3.691032833620214726e-01
3.549180144267877868e+00 1.049801212691728214e+00
-1.292163820227866466e+00 -6.219932086024095419e+00
7.466660089372932629e-02 -1.050012533264558678e+00
4.752500899684591218e+00 3.578017179629552569e+00
-1.920486022643566049e+00 2.984694501489110863e+00
8.173434402804790055e-01 4.876491837248850381e+00
-1.025176515964142387e+00 9.800212423726175626e-01
7.833641529993208508e+00 1.478600299997499534e-01
-2.929401518476422162e+00 3.918951134932704861e+00
6.214133495129151363e+00 -4.893786823428343702e+00
5.426474475786304819e-01 6.031999869075526988e+00
3.006448590655205866e+00 7.484944636543827023e+00
-1.955435003391809756e+00 -2.416740808305949173e+00
4.657886436178420020e+00 -5.753796745296901882e+00
1.443999608756231234e+00 -1.534055758252450774e+00
1.298972397178854932e+00 8.068429475341930557e-01
2.137186811779205442e+00 -4.854911994449007118e-01
-6.291365595165222757e+00 3.027416955775485086e+00
-5.152935319149135829e+00 3.484511069834772989e+00
1.945981918257218446e+00 5.547834844068398219e+00
4.066712592434282847e+00 4.299549153180607597e+00
7.066232781958363240e+00 6.969704742788616514e+00
-7.176065120535596087e+00 2.273128368805958033e+00
-6.644333725844895788e+00 4.845336358470583527e+00
4.628130723737900354e+00 1.837257400326504975e+00
7.612633887609517203e+00 7.796895105291189232e+00
2.729571640848806435e+00 -2.000044265211807559e+00
-9.514223957745882032e-01 -1.822783379234418799e+00
5.570660581103167308e-01 -2.024392879697852088e+00
-1.340298596470947290e+00 -4.352927744891322170e+00
-2.684993363720007409e+00 6.588335617865520355e+00
6.631968201387667960e+00 5.673329135388342159e+00
1.546197011364424112e-01 1.127999234483443081e+00
5.003359462618666154e-01 3.192406198387000682e+00
1.293882000792272002e+00 -6.921993753244636949e+00
2.363172374137234133e+00 1.833714367778229937e+00
6.248412542712212137e+00 4.235203428535846193e+00
3.398839738236944630e+00 -5.080432122791087579e+00
-5.423719075293570668e+00 -3.265674773530113928e+00
2.397718526367683456e+00 6.065489492972453434e-01
1.500294092973346372e+00 3.790031508663739057e+00
5.937503717353013855e+00 -4.562901888202306466e-01
5.879789316803945454e+00 3.219883702849763552e+00
6.640777321677484579e+00 2.478551488236854894e+00
-6.160069394824740918e+00 -8.802643350497403318e-01
-3.932319408771462577e+00 -7.858956318743249625e+00
7.261492805949221641e+00 -5.203698277938149985e+00
5.419864109622254844e+00 -2.040679933804146806e+00
7.646221177796540758e+00 2.025579347078395376e+00
2.123620415086352242e+00 -7.643141140206812345e+00
7.752556612947970827e+00 -6.147529908946371080e+00
-5.141789286923153846e+00 1.640058587880764418e-01
-7.248964979620005522e+00 4.070692201616659567e+00
-2.383308390009656108e+00 -3.590314012320921400e+00
5.878748408155412442e+00 -7.404846338130310457e+00
-6.821747212457058840e-01 5.439438871785696072e+00
-3.806001990598543827e+00 6.080203764880596218e+00
-3.840700436097138404e+00 3.167717294588308974e+00
8.325695860001044446e-01 -4.710157547638197606e+00
-1.524063109923462944e+00 4.011558662549749243e+00
-5.437470907709838208e+00 2.256212247143059901e+00
-1.244164063315200464e+00 2.255234701372444306e+00
-2.737947341764647380e+00 -3.576219036547674257e-01
5.204599776547556900e+00 -4.448365818643471137e+00
1.445406901966035107e-01 7.831120959598342424e+00
3.509032741229050956e+00 6.499751994881149741e+00
-6.335508612867845279e+00 -7.446185390485760891e+00
-6.031258623082882409e+00 5.595130035841092919e+00
-4.012928716317658129e+00 -1.710019407197187258e+00
-5.136248266295307729e+00 -2.033289551459522393e+00
-5.140862811553238210e+00 -7.409553436759966694e+00
7.550425680527014904e+00 4.810088582239785637e+00
4.591450028865919464e+00 7.196566971028974358e+00
-7.488648210494640800e+00 -4.586233317642490981e+00
-7.712345860118064778e+00 6.523036150861978300e+00
-7.898808193352913065e+00 -1.003110784348137718e+00
2.983188413350295498e+00 -1.066045259533597633e+00
8.727994448661388072e-01 -2.575959924656905931e-01
-4.171291244812961985e+00 4.220248112384245687e+00
6.709313257496309912e-01 -3.605647714427718142e+00
-1.764534150637273813e+00 5.643780455169572718e+00
1.293335394242841829e+00 -2.898471665882995651e+00
-5.535749168451524760e+00 4.555852529918747784e+00
6.328309972182795562e+00 -3.418848555622403307e+00
2.163326681247364824e+00 -3.692589221996165794e+00
-4.311018084961990127e+00 -2.977061030594761792e+00
4.047913360100329427e+00 -3.894300381680854350e+00
4.873274332235221884e+00 4.642115433211898012e-01
7.491010589424075050e+00 3.410777723758390501e+00
-3.434799120309509401e+00 -3.883516625848567383e+00
-4.162648104287500317e+00 9.752060164838201040e-01
1.499171477414273035e+00 2.668195436363512751e+00
-4.860291760517553961e+00 5.300815448472428137e+00
6.744051691542940929e+00 1.367086013305197634e+00
-8.366097025719483327e-01 7.067618131006615734e+00
-2.442392917203308755e+00 -4.656444299842851464e+00
-5.883924547306039976e+00 1.206676659861964040e+00
4.367386770476140434e+00 -2.610702227316956670e+00
-4.937470959191212039e+00 6.423246963025022183e+00
