-2.712845446978740860e+00 -6.798273586332462592e+00
-1.243308069702971697e+00 4.655105543406482305e+00
3.979770166940364007e+00 -7.808762325429220219e+00
-7.117182431250106411e+00 2.446323245598916452e-02
4.382240497895865949e-02 -4.320126831980007687e+00
-6.095103693062855044e+00 1.234898411917425776e+00
6.551707706694054778e+00 6.586597502535128434e+00
4.149763596292996404e+00 -1.983326115053797079e+00
-1.211855444092310830e+00 2.030634967759984200e+00
-6.101310929838158259e+00 -2.085788953020824010e+00
-4.500815083996327459e+00 -7.345591090561355507e+00
2.237443778765965341e+00 3.816893913762255952e+00
-3.518557844357233844e+00 -4.697523207607600781e+00
-6.627502520921274787e+00 4.778653774978517177e+00
5.102992150906316304e+00 -7.423618653981286286e+00
3.418712957758087700e-01 -5.473381633739542451e+00
-5.778422520583396782e+00 -1.245108246306452504e-01
-7.104934545707538796e+00 -6.088266427285894622e+00
3.494142505943460986e+00 -5.668562445825313212e+00
-1.993504409755545437e+00 -5.940840836771529077e+00
2.862041102168322748e+00 7.385766279146941393e+00
-2.316579529110591729e+00 2.249792074536826281e+00
7.872121922327299792e+00 3.532263263697779543e+00
2.344820618719261507e+00 -2.470698148216247780e+00
6.693898466650344048e+00 3.976247488491660764e+00
6.875953290260837569e+00 2.870511088102871256e+00
-6.854274800400354195e+00 3.477598380562671565e+00
-5.804232540149310005e+00 -6.885841876714068555e+00
-7.233502060908594267e-01 5.741211533819856605e+00
-1.659010043196663897e+00 3.442273984837862510e+00
-2.714072724704110762e+00 -1.467491357356416115e+00
6.464426575270995734e+00 -5.841269125726475941e+00
-2.225375953745717950e-01 -6.985975279533212401e+00
1.580313053141610136e-01 4.870972138605591972e+00
2.965343981891777059e+00 -1.442264095839399074e+00
-6.324526197613951517e+00 -3.186881694368734586e+00
-6.764466544753786614e+00 6.982090252254548268e+00
5.129303152790917059e-03 7.369845770324554124e+00
-2.804494731274400632e+00 5.496552852397305955e+00
-7.073029434469510157e+00 5.905927082902706182e+00
-7.291696260845080602e+00 -1.046221783913549919e+00
5.809723647959494031e+00 4.842719149474034701e+00
-3.316914820969184774e+00 3.674577610213528800e+00
-7.116485728702019564e+00 2.530267309105346474e+00
2.898550925950075019e+00 6.334090153045458749e+00
7.627831994043149599e+00 2.123575986340977106e+00
2.176912118476958646e+00 5.213455430805245427e+00
1.358079055987975181e+00 -6.000797111040447440e+00
-4.544083980904182418e+00 2.992366613641987971e+00
-4.183801607938948841e+00 3.970820522399635677e-01
-2.326441572380228973e+00 4.276020988275460510e+00
3.257787714889203823e+00 -2.957375082830997037e+00
1.110522390057012032e+00 -2.645046874214714627e+00
1.557369400340674170e+00 2.787772832606508544e+00
1.519898792326018100e+00 -1.436518285788471960e+00
1.495216105984594757e+00 6.102969684803063899e+00
-5.730932964844312139e+00 7.348870175658706039e+00
-5.009296853913440373e+00 -3.789890717946135190e+00
-1.959425931505459406e+00 -4.911418501238965284e+00
-5.176894067346627937e-01 3.285175334549780057e+00
-3.356799874577664156e+00 2.044884038597801101e+00
-6.756493976622929054e+00 -7.595257711732237738e+00
3.816247443937924366e+00 6.847866374952597646e+00
1.429080274057838329e+00 -3.958846521158566389e+00
-8.302020372534213433e-01 -5.141258601172599363e+00
-4.966510114196639236e+00 -6.067198990287076654e+00
-3.789922957347671151e+00 4.987348533747407942e+00
-1.741274988883254382e+00 5.590833812729405494e+00
1.215286820962041103e+00 4.401949435385868803e+00
1.526151462949011162e+00 -7.693236998308091046e+00
2.526109108228079325e+00 -3.977128830619462097e+00
-5.060191626377221752e+00 -2.661643552515097433e+00
-8.716768641597908429e-01 -7.786186546913515194e+00
5.509672697100064243e-01 3.045853692838699001e+00
3.873738097473092168e+00 5.700346369661832391e+00
5.781706162444494090e+00 3.266166498830542331e+00
-4.463086015016759056e+00 4.064731854004549838e+00
-4.877995707117507074e+00 5.239870958046367377e+00
3.807547769820575079e-01 5.932099183986951019e+00
-2.539394385718722891e+00 1.018581828743734263e+00
2.123578804593106106e+00 -5.018222723853099865e+00
-3.427356652655703773e+00 -2.410391888025920082e+00
6.890496066144216059e+00 -7.214476522208548737e+00
4.872945759106591446e+00 7.250412923335296078e+00
3.511847943912242975e+00 -6.845072427325813003e+00
-5.723150660279535451e+00 2.583227722799682269e+00
-4.754693349318189988e+00 1.896954478186807513e+00
7.387116809922478211e+00 5.810605177458000981e+00
1.734285664135212013e+00 7.122218934742563512e+00
-5.727301400326547665e-01 -2.702345700856359834e+00
-4.832955732508249724e+00 -5.016017328130383923e+00
-6.102798796390442426e+00 -5.792632250577494091e+00
-3.781118406534304199e+00 -3.633127002945403028e+00
-1.636712472165921417e+00 -6.982174904457764342e+00
-4.798152953918787489e+00 -9.571880434455655173e-01
6.983694833753824938e+00 7.477064486795235609e+00
-1.126443511232045891e+00 6.692963020777429328e+00
-2.655269761942082862e+00 -3.684422407487028206e+00
-5.977591347943038258e+00 5.888507844899186772e+00
-7.837736506672274395e+00 6.877163870189378692e+00
