9.956561274979137011e+00 -1.221837719069626438e+01
-6.218501712807071868e+00 -9.376500812705927501e+00
-2.738912109328669242e+00 -5.896770664998737033e+00
2.079245956696392561e+00 2.075143827092265081e+00
-1.021291416356674020e+01 -2.444448325149302104e+00
8.343832684461053972e+00 -6.200234820287197079e-01
1.124025262118735924e+01 -1.843531275165002814e+00
2.095273146191748204e+00 6.300634687310621374e+00
6.064723298143645636e+00 -9.038334669795954568e+00
1.240512562074604475e+01 -5.129413332335207798e+00
6.814582790223910003e+00 -1.034930458652422658e+01
7.510452850235351807e-01 8.474881000626536931e+00
-1.831375071029476498e+00 -8.854328258408633801e+00
7.217419674624483861e+00 1.199526494644500341e+00
-1.205643003739064412e+01 -7.651330600421268890e-01
-1.020387428543218178e+01 2.665527580665576934e+00
8.614956616981157111e+00 4.585034123437337072e+00
1.126180646531596174e+01 1.155147316365472321e+01
-7.952786559900357766e+00 -9.445941854900274492e+00
7.581784690027756568e+00 -3.007759197373178761e+00
-1.263949043306720910e+01 1.403078324554375422e+00
5.247722442089105321e+00 -1.101219618472284090e+01
7.667157263579690074e+00 2.325048396343102897e-01
1.057696666682332420e+01 7.686819535565930117e+00
1.062803177713755254e+01 1.035352002801124449e+01
6.054721895174222546e+00 -5.256640670756551614e-01
-9.246966953058628036e+00 -9.592853941650300698e+00
-1.106732986361181048e+01 -9.671060802089781916e+00
-1.236380114429849897e+01 1.085469079664111192e+01
6.133703840359141957e+00 -1.227417023784098049e+01
6.472326850328604664e+00 1.229485623297692420e+01
7.921410258800549720e+00 9.982565670906865307e+00
-1.644289327309870652e+00 -1.251936875558044093e+01
-6.559305155593571079e+00 1.289386096768995316e+01
8.891680720422719730e+00 1.285538924662118454e+01
-4.653905035794899447e+00 7.299722989739371393e+00
-2.516427617098476954e+00 7.180011615459081398e+00
2.069788078257527086e+00 -7.407364555427220942e+00
-7.553547662093146542e+00 4.978265860878116067e-01
-8.453024028827112346e+00 5.378502754486043536e+00
8.714199942878028793e+00 -5.990054828850576385e+00
-7.529785631956261049e+00 -1.242090764332818864e+01
-8.620006457666331556e+00 2.601311530713840137e-01
1.087525446141189356e+01 -3.972228928911959223e+00
-1.211567057071293796e+01 1.188596792106767275e+01
1.538099774244189089e+00 5.309943949212049041e+00
-5.067390655517620246e+00 -1.230058793010111273e+01
1.029392822730507362e+01 4.169575479988578692e+00
-9.943324643078902625e+00 1.003192869803118192e+01
6.380710195383474392e+00 8.495537909952552980e+00
1.195392613745516286e+01 8.925495154186505076e+00
-2.295380190543288457e+00 -4.711006744455555229e+00
2.015854861738308301e+00 1.221332351041657205e+01
-8.788945410665407465e+00 -1.651088421784367766e+00
1.066397809278135256e+01 -1.068546511369920005e+01
8.062090946641337297e+00 -1.219186575470937761e+01
6.725318614245038296e-01 4.385647344649210133e+00
1.129092316214285141e+01 -9.907277893472281605e+00
8.312992738519705327e+00 -1.885577459348417806e+00
6.174959741837546368e+00 1.113716403717147330e+01
6.686277092761878649e+00 -6.352190150585584227e+00
-6.636614477257257505e+00 -7.328534635977679290e-01
4.726108660042036114e+00 2.428126289723951725e+00
-1.078126968689038456e+01 -3.540888967835120194e-01
1.033860082821562543e+01 -2.341728962267378478e+00
2.381764710353833969e+00 -1.327422635375276938e+00
-6.281867411696239856e+00 4.983106055470024387e+00
6.354319749375187065e+00 -3.860288962440398652e+00
3.915651846129845293e+00 -1.163682652754352986e+01
-6.229328455473419623e+00 2.617854039377980779e+00
1.182850545656800278e+01 -2.877677297501291864e+00
2.371191544539601181e-01 1.089270826043932772e+00
-3.459316475294293536e+00 -1.236134219562407033e+01
4.606258361472112206e+00 -2.278129569422925993e+00
9.501917760805765889e-01 6.282769222132549736e+00
-1.248491277441120673e+01 9.225468327204579211e+00
-1.280296949363128078e+01 -1.260599171605519508e+01
1.403370522271080612e+00 7.308026904846529614e-01
1.235617472434220154e+00 -9.785611056023704180e+00
-1.914366505579991884e+00 2.317168937317402921e+00
-7.181262824414775814e+00 7.826503165026289288e+00
9.708646905174191488e+00 -9.603286130939098442e+00
1.332776394981059598e+00 -6.488864526912814235e+00
-1.008902984513563617e+01 7.035685429418852443e+00
-1.097120016876363557e+01 6.510039307517014429e+00
-7.394195470962662498e+00 1.173141700079277960e+01
-1.082964199847583409e+00 -1.017330538219438552e+01
-2.619387971989415309e+00 -2.845101770066650992e+00
2.070586712889789904e+00 9.327724728998321169e+00
-8.029921034179189121e+00 -8.021661447779434795e+00
5.896013550712401852e+00 9.355173593938669541e+00
-1.268971841970953029e+01 -6.050678390238890536e+00
6.953587285091329839e+00 2.359240887410206433e+00
-5.897609156774464623e+00 1.153916097371141092e+01
-2.056373145110241385e+00 3.397140760571926155e-02
-8.850692144140577255e+00 -7.323297394478140987e+00
-1.072618964469583069e+01 -1.101558233030665868e+01
-9.332971647759400469e+00 -3.108822799876952203e+00
1.229290377041971283e+01 2.316291157322531102e+00
8.361728410956564161e+00 5.630537948395232917e+00
