-1.410878671260733697e+01 -2.724670953481163060e+00
-1.360550158798073817e+01 -1.063912023609531232e+01
1.148436404659762111e+01 -4.542114176501587330e+00
1.520130364076732832e+01 7.672190625253761276e+00
1.394536790192022835e+01 1.288083484946058377e+01
5.432010252079339629e+00 -9.400514852591017601e+00
7.753667291058635058e+00 -9.057099623422782741e+00
8.058991355097797182e+00 9.845230603205791908e+00
-9.705542504320648689e+00 2.360418915672915841e+00
-2.997449780615787152e+00 -1.459245037749584561e+01
1.326608865921836333e+01 -1.259335955605031820e+01
1.037151214215537998e+01 -1.083525865111252529e+01
7.250205677492862932e+00 -8.271219195881059250e+00
-1.777280469366679272e+00 -1.449522698354346240e+01
8.622265382397760192e+00 8.769826432734904031e+00
-6.371481045731642645e+00 -1.009215269146213778e+01
1.140975006358343080e+01 -1.174730778489265148e+01
-7.806805180396015231e+00 5.102708872420680386e+00
9.047617010909050350e+00 -1.130918577021435034e+01
1.224221558223072392e+01 1.363566057256614705e+01
-3.259130185435386462e+00 4.738277585383838364e+00
-6.894169558169779499e+00 1.373896560539124145e+01
1.139643312252639973e+01 1.289430987422507613e+01
-1.168205702235891863e+01 -1.127988987815363497e+00
-1.242217525407921030e+01 -8.363069192003989016e+00
3.156582005886540809e+00 7.007053761102783440e+00
-1.964192903342098839e+00 8.403346136549872725e+00
1.255977603646537410e+01 1.067337953547777119e+01
-9.982642253103673369e+00 -1.046829073524186171e+01
1.450946600865679059e+01 1.460453575541312610e+01
-1.523938657173442657e+01 -7.224724401593709544e+00
-7.700029514798237606e+00 -1.186565986239946291e+01
5.226973079598725036e+00 -7.682494316784828747e+00
1.271287165620814541e+01 -4.983632921551228279e+00
1.032638058503242284e+01 -4.411635685566688836e-01
1.402315658351192873e+01 -1.004896108352702377e+01
1.389486652678913359e+01 1.120216078097871026e+01
6.907579293293839129e+00 1.097032070099378132e+01
4.114523785212312212e+00 -6.664004946599640711e+00
1.105471874004410049e+00 -1.325707451706368900e+01
-8.859748830222107685e+00 1.894254962734695402e+00
-6.418113656912619369e+00 -1.255812711857122999e+01
-1.166278952026277338e+01 -1.383083790365090948e+01
5.678761920116261130e+00 -1.383940676744437681e+01
1.437540939292474729e+00 -2.897036570231141250e-01
5.937736537456594021e+00 -2.452733844151289588e+00
1.016825396286515915e+00 -3.408501718522691348e+00
1.403959788719725665e+01 -6.814155126409076502e+00
1.043627206900162108e+01 -1.442047778633138577e+01
3.235337008661686387e+00 3.929867863206252254e-01
1.435965950907447919e+01 -1.470075423812504845e+01
1.412750437803228465e+01 3.472521108968447567e+00
1.781082173416284498e+00 -8.714783045622681357e+00
1.255023815829682121e+01 1.212888899160985545e+01
4.632713973344776193e+00 8.424635831844302203e+00
-1.284337674303568377e+01 3.150770560254864794e+00
3.413999250792568496e+00 -1.067000694510129044e+01
-1.550125085495690769e+01 6.729881344237315766e+00
6.309703896967383541e-01 1.111336973690323227e+01
1.502082848781345703e+01 -3.601072589549444203e+00
1.502485358885513911e+01 4.433228756463750919e+00
6.405565190904408901e+00 9.650906615458881177e+00
-8.178489924831852775e+00 7.234558595268334891e+00
1.329993599491252354e+01 1.492189877409915510e+01
8.482681896173374980e+00 3.711218036718162416e+00
-9.567921890994595557e+00 -1.452401664623478084e+01
1.506684726862040868e+01 -9.117704181099801630e-01
-6.189544987124460995e+00 1.179066567178743519e+01
9.481959542676511532e+00 8.086396116591515693e+00
4.244778598897010369e+00 6.444270850585031241e+00
-3.427692802012878293e+00 5.820683567372593181e+00
-6.826142172547462472e+00 -1.448620764765458979e+01
-1.274239478326799357e+01 1.285409268139932415e+01
-1.181965073796553334e+01 1.198763376983492535e+01
4.362192913965868613e+00 1.235495493664270228e+01
5.686226511866437683e+00 5.778803713409290665e+00
-9.485600237774853838e+00 1.143014217955063749e+01
1.835917513938480905e+00 -1.244323552432262936e+01
-8.176403134584907306e+00 4.030832273403680333e+00
-7.324130066492672952e+00 1.128329997932860529e+01
6.178419474225816721e+00 1.522210332090319795e+01
9.663199131724237390e+00 6.488737960373121005e+00
-1.185392130957681900e+01 -1.524124291856228375e+01
-1.056466633117192799e+01 -1.436980879918571574e+01
9.441923961445006341e+00 1.078427171145326646e+01
3.019169459173463022e+00 1.108677164464306486e+01
9.503781903292351174e+00 -6.118345566693625948e+00
-1.121688619899736850e+01 -2.543411096444847086e+00
1.187572682330289897e+00 4.900028207963826432e+00
4.580027906799405635e+00 9.557805550842324749e+00
9.722657338512792791e+00 9.390652048945465680e+00
2.119346738310076361e+00 -1.546506258574631687e+01
-1.668670596354142388e+00 1.416886714949010617e+01
-1.764826993090015783e+00 1.138012243474748075e+01
-9.501007439592072501e+00 -1.337869406096520031e+01
-1.222586425690503908e+01 5.647608819101716193e+00
1.347138629405679744e+01 -1.382909817932172380e+01
8.565394308571823156e-01 -1.251770897609489674e+00
-8.476847708975597584e+00 9.540480925483651120e+00
1.206993656995796549e+01 -8.726001226030740909e+00
