-5.511222375679264651e+00 -6.114880065619098026e+00
-6.686375435014616508e-01 1.860255613756915283e+00
4.158861296632944793e+00 -3.866607630009284868e+00
-5.848512723132346380e+00 -3.690599499606970757e-01
4.288243905366939224e+00 2.506091244282420138e+00
-7.318084882731045404e+00 -7.010101162966925870e+00
-9.664944335316507651e-01 8.007386412722560243e-01
-5.915106406586079224e+00 1.323805382901746874e+00
-4.744775538733635223e+00 -7.222603435516568027e+00
5.028701725671101741e+00 3.365184394485715380e+00
-4.938102486655094658e+00 5.097665330050069166e+00
5.201194396515429474e+00 1.577590120507218696e+00
-1.443865283117627296e+00 4.215957261892540942e+00
6.078722363934557116e+00 -5.661201522497320004e-01
-5.227934284783862573e+00 -4.428881655069457857e+00
-1.160749519074528724e+00 -6.353216282744758026e+00
2.853470375699945216e-01 3.226297237694620179e+00
-2.731192318500782701e+00 2.977993609000490149e+00
5.250933057480243527e+00 1.815309126334524459e-02
-3.422528281711401110e+00 1.781238169170328289e+00
2.445389664902182791e-01 -2.640158145780638232e+00
3.022850714388809923e+00 5.734194346618002314e-01
1.151601346430442874e+00 -5.463997082483050605e+00
1.324898069073915163e+00 1.436014169597733536e-01
-6.277411079567817298e-01 6.549011832089478347e+00
-7.317433085182091901e+00 -4.649319194942644895e-01
-3.595618285608625619e+00 -6.965926234886322677e-01
4.193377535849214688e+00 -2.531940847453205023e+00
-5.036204522672048434e+00 6.733274579863984144e+00
-4.985900940393506175e+00 3.216565717824449999e-01
4.504057906110302767e+00 4.858398246226916406e+00
-6.409792340507933339e+00 -4.219257186031286189e+00
-3.782577131118802782e+00 7.329971014711309074e+00
7.201938978844852457e+00 4.120171791031679298e+00
2.536122499455462975e+00 5.528798620682016995e+00
7.137111296959705697e+00 -3.671094485432394361e+00
-2.315395705326427356e-01 5.316082504300086775e+00
5.231251935159151323e-01 8.831976849371214744e-01
-3.206733936212069480e+00 5.052769239852992200e+00
2.320259602998899773e+00 -2.164772731415042895e+00
-5.887470409959189688e+00 -7.165133013274282092e+00
2.209661314798668119e+00 -5.692115667057072059e+00
5.188386149276495551e+00 -2.284299155723167551e+00
1.797699130338118234e+00 6.608884806116141597e+00
-3.809711989769341223e+00 -5.025643621407336781e+00
3.580756321068635284e+00 6.831794459159057809e+00
6.414984632949244592e+00 -4.725799233127098375e+00
2.260688503649382231e+00 1.384418255218799132e+00
1.150114386256724019e+00 4.924658084263459301e+00
-1.447100962976983762e+00 -2.960903153287490208e-01
-2.479268124931822470e+00 -5.427221193411291722e+00
-2.527926358559747566e+00 -6.647203644509047660e-01
-3.813820385853898820e+00 3.626285903252146614e+00
5.370104169635573577e+00 4.355929108639418068e+00
5.996683191787241185e+00 6.373870041957193422e+00
2.917250762078309911e+00 2.227418620062628030e+00
-3.107741098545374059e-01 -5.634420636680220085e+00
6.038294633125216748e+00 -5.729899749125588748e+00
6.063934593690111230e-01 -4.113835918806772796e+00
-1.262174048288130734e+00 3.133317804653095617e+00
6.328176903267858755e+00 8.203700776177291765e-01
-2.513971433743042994e+00 4.042408843395445039e+00
-6.928607843989637693e+00 -3.062143388330261562e+00
1.895946223397139585e+00 2.819225466610640662e+00
5.194584562682509343e+00 7.225327131783667589e+00
-7.123501240610965901e+00 -5.085993573851229854e+00
-4.372044882584859293e-02 5.890578297958193321e-02
-3.957198431516779191e+00 8.645395086332181567e-01
-1.765210105830247844e+00 1.996078819036626983e+00
-4.112929564777541458e+00 2.619617911162789969e+00
6.290910169639986727e+00 2.366077511850397830e+00
-5.428088689653751686e+00 3.717463046018892658e+00
-8.379914244128422451e-01 -1.132304830427483200e+00
5.504430252517428457e+00 5.385078581774345174e+00
3.130730553539961214e+00 -2.893821115729523719e+00
-1.869475211911239665e+00 5.761131975900383395e+00
6.347994329311243078e+00 -7.195041011453240820e+00
3.679113880946200954e+00 -1.601723055208130075e+00
5.552902049869965495e+00 -3.706571254499321899e+00
6.439611116792535839e+00 -1.615756698936777092e+00
-3.763201606435159441e+00 5.920924081367520131e+00
-2.669663043970601279e+00 6.448855274166632512e+00
-2.942052833833403547e+00 -2.535899811578409047e+00
4.386567334638518112e+00 -5.050194666270437782e-01
2.784684907781437291e-01 -6.526200347981729877e+00
1.520749007893697380e+00 3.901485754354725000e+00
-2.456956798124889652e+00 -3.959755856648454309e+00
-1.661562384791877234e+00 -2.871655624494646730e+00
5.255529867519951104e+00 -1.125154408482920143e+00
5.260569642120917599e+00 -5.060832978887926714e+00
-4.503703035098665985e+00 1.713644277846482211e+00
1.973269318738834599e+00 -7.643789365378865774e-01
-2.015822151756875069e+00 -1.753708346168658228e+00
4.803339068124094779e-02 4.265987208312663981e+00
3.158232103756263065e+00 -4.179771609611719896e+00
4.022883921603726876e+00 6.213522504182128481e-01
4.680974922748959877e+00 6.091918912548458742e+00
7.395546205816542873e+00 1.847128998968602831e+00
-6.464390626065383394e+00 2.395747588932665373e+00
-5.356365885755952405e+00 -3.328671024652258392e+00
