-1.454437161311592508e+00 1.079714908941276441e+01
9.466973974599936170e+00 5.705006131088683929e+00
-2.693759851345861822e+00 -7.306813574212922546e-03
1.112244055038073220e+01 -2.208669045724509061e+00
-5.213312292120880542e+00 -5.397183049322353821e-01
1.879356913233116266e+00 -4.527558899090776023e+00
1.213996665801907326e+01 -1.215952855666719845e+00
-8.797344036464547656e+00 9.205797703229373852e+00
-2.553659368319185941e+00 1.099033248219260805e+01
-5.999884150383627990e+00 -1.389690132247789034e+00
3.139549999847947248e+00 3.853375342929278524e+00
-1.262907468801477862e+01 -2.239502527231840734e+00
-2.985153544631033551e+00 1.220569525861269966e+01
-8.771592887368161229e+00 -4.723708513065433046e+00
-5.221180617065046548e+00 7.056267615570594565e+00
2.562787273853205594e+00 1.262535514820086924e+01
5.985287145347946591e+00 -9.829611114129225058e+00
7.447145271144107959e+00 -6.045864640237138765e+00
7.835899900732377965e+00 8.372374359679511713e+00
1.878067808686292584e-01 -3.420451224765961307e+00
6.172897849726168396e+00 8.921875140628989342e+00
1.120813190650910407e+01 -4.182570644312967545e+00
8.330510531283785269e+00 9.381021911476786102e+00
-5.815249479963214618e+00 2.071909370391119332e+00
-1.791499931310396976e+00 7.762514554545526302e+00
1.537418578026532145e+00 9.416220605343132988e+00
1.170727515400653829e+01 8.115783999931013071e+00
-1.205677056082003773e+01 9.859700645783536999e+00
7.063910123506311756e+00 7.060473866239099117e+00
-1.170282453624378682e+01 -7.282095769605957392e-01
-3.503830870002383691e+00 -4.332551842916791074e+00
-8.255343379894013012e+00 -2.614787995082735961e+00
8.057668631759677069e+00 -5.105856804882531463e+00
-4.750848268413043307e+00 9.524637329874675373e+00
-8.243102064095930714e+00 1.195991100992807254e+01
1.246695977032046621e+01 -4.427657902318598460e+00
9.338924016720243415e+00 -1.266440923136508090e+01
4.476470994020580463e+00 6.420174902976165221e+00
8.955632800767967083e+00 6.661962299952328692e+00
6.975216407297822885e-01 1.225445252592300172e+01
6.868350908506799080e+00 -8.931247045910950533e+00
-6.413773453949485337e-02 1.050170221853674235e+01
5.770455450317598434e+00 1.042676623925668089e+01
8.104457857165096257e+00 4.658636486494390994e+00
-7.591761065483526139e+00 1.848091978306430239e+00
9.843366594363232025e+00 4.690362624390511215e+00
1.051688148554328883e+01 -8.540430185851326073e+00
-1.173623958772466658e+01 8.193716436725758001e+00
-5.545288361788943909e+00 -5.533073306885425424e+00
-1.210340385789630346e+01 -6.597238063334541103e+00
-5.268882747586340898e+00 3.701653277885928350e+00
-7.597394700331683737e+00 6.951336399624491236e+00
1.062789086031273023e+01 2.159205575936987032e+00
-6.429344259011954499e+00 3.642302566060245717e+00
4.329424344937927494e+00 -4.004084430706344122e+00
3.728778258936450207e+00 9.664509307607284327e+00
-5.819715383046500712e+00 -2.412022991453147469e+00
-4.686305348973814233e+00 8.029077255484747155e+00
-1.108546206692471614e+00 -1.124643022922934499e+01
8.224598189356635558e+00 -2.455415225507293187e+00
-1.107836072376181669e+01 1.039755857285725682e+01
4.595697249162624232e+00 1.073791916823845405e+01
-1.671920575990742064e+00 1.064360562400224586e+00
1.220265860420632897e+01 1.004003418880957277e+01
-5.264775163919702905e+00 -4.431163649329453058e+00
6.246868254159779532e+00 -1.670549207513681189e+00
7.129289174315146305e+00 1.037583182711309604e+01
-1.087553163909901421e+01 1.509633493972515783e+00
1.280465475344625759e+01 -1.236816331103950617e+01
8.424716986793228557e+00 -8.557340577399443760e+00
1.166977694565035861e+01 -8.619760399961311492e+00
-8.496795656467959645e+00 -7.704565493266160914e+00
-3.333524766004378304e+00 -1.001629627602528316e+01
4.221234301069030970e+00 4.095692785256177082e+00
-1.150112259575381479e+01 7.085211398697564000e+00
-2.374378724965122700e+00 -6.780321784312205224e+00
1.047101891544674857e+01 1.271752709435586404e+01
1.463730761325353402e+00 7.691159196175514356e-01
-1.792104732985719817e+00 1.188796720834201714e+01
1.129035688316204578e+01 1.131800422421301633e+01
9.153107980726062465e+00 -6.015172430189950070e+00
5.056506685416946034e+00 9.421510911463713001e+00
-1.000427275142420847e+01 1.055175912191733190e+01
-1.057965047328749364e+01 -2.407972715107814299e+00
-8.279506540760932509e+00 -1.233546341283641290e+01
6.154756177111454285e+00 1.576189256324264321e+00
6.345203720203376641e+00 -5.923828811900073710e-01
-6.824605369608663707e+00 -8.918433288176682794e+00
1.089060928160674990e+01 5.773539897252156550e+00
2.571869554747794773e+00 -5.818269365759405787e+00
4.831616712478945530e+00 -1.152586234051546121e+01
-7.569137902013764574e+00 4.068886953748437563e+00
2.349699604506111594e+00 -1.032807510441449672e+01
-1.119268305875863057e+01 -6.087997949663339625e+00
2.849079688620053119e+00 -3.573304793589781703e+00
-7.428237233017177310e+00 -7.266950669998752943e+00
9.874823631967300841e+00 -2.937956603320212245e+00
-7.380908848599974981e+00 -1.347617570662412945e+00
-3.295691707058771680e+00 5.687071880907022425e+00
-4.525429314940233816e+00 -2.746127933926348241e+00
