-8.529815798571126706e+00 9.937413904306174217e+00
1.938312955077582389e-01 5.417668858515334307e+00
6.963690653161004107e+00 -1.887792683323565646e+00
-9.585512608627979603e+00 -3.233547542051496304e+00
1.735165727225046028e+00 9.577389277400113698e+00
5.247655131844209286e+00 -8.759474365765289150e+00
-7.635280633239649895e+00 -2.372169756103289728e+00
8.689064981209050131e+00 -6.310905581555844357e+00
4.110302870094230343e+00 -7.772551588280681045e+00
-8.195553679414619097e+00 8.216036549358829433e+00
6.923707380716848547e+00 8.851909876800807098e+00
-9.234340941832421379e+00 9.097248614977097247e+00
2.108576425900471119e+00 7.882528433130937984e+00
-9.733730405024184407e+00 -4.218870713181264165e+00
-8.547269342370379164e+00 -6.411744873691087143e+00
-1.035453267355399776e+00 2.593549162820181664e+00
-6.733792325729433870e+00 2.415838839978870389e+00
5.271293095933420325e+00 7.378290941504960010e+00
8.243627329000064563e+00 4.536933994362356337e+00
-1.891323408627656910e+00 6.817520489538930306e+00
8.844655509461766485e+00 7.541075579851117539e+00
-2.072142314380066797e+00 -3.078122854976493850e-01
1.218934285577407683e+00 3.344126066786336171e+00
7.685030164980776846e+00 2.837892165392685850e-01
3.568174977027540606e+00 -4.057347393579510353e+00
4.685167785046770561e+00 3.550476042168805524e+00
5.665351595439743093e+00 -3.012257670808718313e+00
9.978521489973834591e+00 -6.128222277330811707e+00
7.495851463230451817e-01 7.646908271561749793e+00
-9.499791634536736140e+00 4.817994237617728714e+00
-8.049764172942595053e+00 -7.753518148179179725e+00
4.069499651213647873e+00 -9.432032966027410481e+00
4.665826384596158505e+00 -7.489816020309011391e-01
-6.783198506536754380e+00 -3.867042678278352241e+00
-9.734735077482261190e+00 7.938507091487704947e+00
-7.675816367476667068e+00 4.443711742257863584e+00
2.058148434825701756e+00 6.674138674542832383e+00
-5.709763034356925893e+00 3.111228405254583329e+00
5.400797145470177529e-01 9.842116611344374988e+00
2.278707718835521145e+00 5.230209485939827374e+00
3.115552724320970412e+00 -8.868769348122700791e+00
-1.248594445350535431e-01 -9.044691412417547483e+00
-4.036191985629177914e+00 -9.401869658237485439e+00
8.937506707368610748e+00 6.364885503140146561e+00
6.323954813968672539e+00 7.786644117019072553e+00
8.689424460517686910e+00 9.533194676465916118e+00
2.835850358664590676e+00 9.106092950962803911e+00
-6.670164310492679327e+00 -3.947616773588053518e-01
9.109133498011638963e-01 4.841027572282214919e-01
4.930445371857598680e+00 -6.283568461069363842e+00
2.896827163339660283e-01 2.905612445869004468e+00
-6.775741613981084654e+00 3.485680419059820512e+00
-4.939907603296750160e+00 5.647221288042695519e+00
8.768683516739006478e+00 3.737652429345629024e+00
-5.116237758987463913e+00 -8.709619062580010507e+00
5.339551046549693147e+00 8.845264039010860557e+00
5.319832142491602411e+00 2.526774829057950811e+00
-7.788239641576101491e+00 -8.878304561159932717e+00
8.591846163819180759e+00 -3.900103349340240388e+00
5.297321985017300339e-02 8.417021583979934718e+00
5.079994889913543865e+00 6.151995215081867974e-01
-1.254386336780818345e+00 -1.405336688114062982e+00
7.571945183708492344e+00 3.684513392755120798e+00
-1.791038008380626545e+00 3.600157019815092507e+00
-7.754955067367106381e-01 9.027156926334493292e+00
3.794218197471210807e+00 -1.049679907791226219e+00
7.730060000597428704e+00 -8.809883826678266416e+00
-4.729838756847761339e+00 -2.573984398816734132e+00
-9.692125189155159859e+00 6.638117591110106019e+00
-7.788977844112691784e+00 3.238323824353332547e+00
5.801320817246740091e+00 4.662940934208008592e+00
-5.063907057730092198e+00 2.137359814812909153e+00
2.397925568648565875e+00 -3.502237027527441260e+00
-8.333963631017071716e-02 -7.927434921687479985e+00
-7.404698495620041676e+00 1.336166511667885137e+00
-1.356721538375458502e+00 -9.542403244584509281e+00
-7.327066864113904288e+00 -5.122600680876568724e+00
7.402038019142926473e+00 -5.111597445465138279e+00
3.631613371732179019e+00 4.055774251728866631e+00
-9.814679470992000887e+00 2.756807110198885358e+00
9.180207850526217683e+00 -2.619722960066023454e+00
9.668681439217161611e+00 5.378422950859016893e+00
9.703991179053135241e+00 -9.282304091588239103e+00
6.991925889336311206e-01 -3.534285268715394945e+00
1.752623907699551120e+00 -9.301354318501863006e+00
3.129278392727317670e-01 3.976101828523699311e+00
-2.655975418562458223e+00 -2.152602870306965510e+00
-8.882155551056600373e+00 6.116675287357376867e+00
-1.356721148323771553e+00 -8.392062130706017697e+00
-3.729500821838723112e+00 -1.904678629098471188e+00
7.315617776299898622e-01 6.301027276575033476e+00
-8.433249025644169450e+00 -1.537207192359294261e+00
-3.841611440383529530e+00 7.171506951623102921e+00
7.891810751615973452e+00 6.859183115874579961e+00
1.410064899047779985e+00 -8.334698091126051978e+00
-8.332892274800483889e+00 9.582746029898900897e-01
7.144358752789996103e+00 2.394939848631441937e+00
1.873445747561802710e-02 -5.856536072008403870e+00
1.431187989144228734e+00 -5.221638152372833019e+00
-6.077321105965364012e+00 4.483664216601731312e+00
