-7.214111786151730321e+00 -1.620056614243363002e+00
6.215638253202937058e+00 3.772827127180677032e+00
6.298101813709116925e+00 6.626580029389930182e+00
1.955981270916799630e+00 3.655972258706698064e+00
7.065140692387424259e+00 4.393791203782540400e+00
2.028397589560498204e+00 -7.971747374991975388e-01
-3.617363142916426355e+00 -5.575264293511297820e-02
-3.666697243894325720e-01 -4.263350989876275143e+00
6.368990157564777377e+00 -6.353795164528067474e+00
6.321290372788184619e+00 1.662525514172246366e+00
3.690985398444885046e+00 -1.182455078536575721e+00
4.154509665882671676e+00 3.615205196757493411e+00
-4.557887967245966010e+00 6.922492312298857975e+00
3.719912166993817770e+00 4.680552322667455911e+00
7.425980612541714265e+00 7.324115568843389212e+00
6.326925553107078493e+00 5.602546134766432928e+00
1.854533401284388150e+00 7.348022767303210578e+00
-1.088357387194300641e+00 3.140564585265668285e+00
2.188375392340796033e+00 2.298281556145529425e+00
2.670107132125882909e+00 -3.983524534913087223e+00
-7.341183960361195027e-01 -5.292106780854664017e+00
1.021966782409306829e+00 1.959421978148466970e+00
-2.433222768032238470e+00 5.932898312729085966e+00
1.086915966264604405e+00 -5.961897632873543351e+00
-4.879721215204683382e+00 -2.422301244470487447e+00
5.520722949663114498e+00 -5.796893274829630904e+00
5.411254735094471968e+00 2.848636446930779886e+00
7.035245132493603393e+00 2.839674951498363242e+00
1.578347350660784354e+00 1.045915367198611834e-01
-7.085040603668677495e-01 2.144252111618258017e+00
5.150804391381300640e-01 -5.025258614424554793e+00
1.198275825549277362e+00 5.798682967724499981e+00
-6.353431351478951328e+00 -7.123258930220334184e-01
-5.201266944049256047e+00 -3.713801039078676869e+00
-6.397062446139200276e+00 -3.056403710668861518e+00
4.462973775696976730e+00 7.072090280502649762e+00
-2.148797572812053858e+00 3.392596567358110438e+00
1.566899609735475707e+00 4.601563738635189083e+00
4.458993469082249028e+00 -6.634745331074158869e+00
7.085089325011851180e+00 3.665275863605267359e-01
-2.875095166940938363e+00 -5.338632013312195390e+00
-3.296315103967599747e-01 4.692568256902662327e+00
-2.902451878247839012e+00 -3.858689839405694322e+00
1.594919015501963466e+00 -5.026245278117614568e+00
4.061254072918173641e+00 -5.505851600596598949e+00
1.795988496526855771e-01 2.767571667079732567e+00
-3.975388819603544732e+00 -4.799599283520540993e+00
-2.505263807472549509e+00 4.309474953771809780e+00
3.121219963326264946e+00 -3.351747300217302605e-01
7.338792868986470097e+00 -3.208515381541407585e+00
5.068690792736843420e+00 4.342854949424856947e+00
9.357523654630963694e-01 -1.316178612130510572e+00
-3.590541567993555727e+00 2.534679049877713197e+00
2.525327828308957745e+00 -2.016977774618609054e+00
4.759779596541680924e+00 5.382966883334376007e+00
6.116083307360140608e+00 -4.101634461309178192e+00
9.072176068880551947e-01 -2.414480362722608131e+00
-1.810757393236259949e+00 -1.789310794929025894e+00
6.377468693706374481e+00 -2.677869184118478962e+00
-4.624491494077382470e+00 -6.439893006568953027e-01
-2.974661405033517614e+00 -2.737552661456738257e+00
-6.132438345424484627e-01 -3.265015405886376065e+00
-3.758169928747143285e+00 -1.403010372613596290e+00
5.227540493095605534e+00 6.426968204782243177e+00
2.697016020916619627e+00 5.200555489476027304e+00
1.401788040449923889e-01 -3.712643768547155831e-01
4.106465724779016391e+00 7.548836169923491823e-01
-5.216005654199540764e+00 1.730813613214907676e-01
3.805163485292272885e+00 -4.371926616990526426e+00
-2.460448541490722008e+00 -8.065589620509461266e-02
7.849091820227465099e-01 6.825693378746922946e+00
-6.110534643124913678e+00 6.590044050035902323e+00
-3.382546931838490867e+00 5.197834690744800312e+00
-4.270466633660496392e+00 3.460558562760454926e+00
-6.317241942538765365e+00 2.733883168151118426e+00
6.169666102500494242e-02 5.944393524543204244e+00
-7.453192752860581471e+00 -5.659421342080277917e+00
-5.078239627817930923e+00 2.100299120504471873e+00
-1.620589387324633757e+00 -4.767513403838444574e+00
-3.166479878234370382e+00 -7.261486113193150516e+00
-3.897788791218778748e+00 1.521083292059147052e+00
-6.231301257785872849e+00 -6.762189683785451599e+00
5.227197366461203032e+00 -3.695008225493318088e-01
2.928942339598749722e+00 3.047275183920897579e+00
-3.475934874748927150e-01 -6.308915621684875852e+00
5.204981954728583382e+00 6.478122035000227763e-01
5.005146926981239197e+00 -3.162520758239645957e+00
3.067660052460548847e+00 -2.983304010605704715e+00
-3.500131092131306243e+00 4.081803749666491399e+00
6.066776335619211480e+00 -1.634029537663060916e+00
5.675669568288871147e+00 7.409958293429507847e+00
-6.367517619704983201e-01 6.953472090968469743e+00
4.217616043343239141e-01 1.151619697276529353e+00
-7.410839212736741288e+00 5.649102554301348000e+00
3.382008539408063896e+00 1.805405387573058906e+00
-7.223514097528881628e+00 1.617241903641396528e+00
-5.488524523291077983e+00 1.160119167085198244e+00
-1.030077391346989168e+00 6.629711612787794195e-01
-6.146278806215403456e+00 3.862811110849700302e+00
-1.814774211166717999e+00 -3.631288619723546329e+00
