1.231636522259641930e+00 -6.305068752073661464e+00
6.637287478993723067e-01 -2.323183740340338588e+00
-1.498002773417068001e+00 -4.415565302361244449e+00
1.641562154240432669e-01 -5.673194852233314656e+00
-7.865659173879121502e-01 -4.690520136891428216e+00
3.329503000434531401e+00 -2.393986018795076109e+00
-3.622554429779182517e+00 -4.528260100499912788e+00
-1.483029227919631654e-01 -3.475923507215136876e+00
-2.085525166980528589e+00 -3.033403936023708170e+00
-4.673276579637992256e+00 5.566481384703815927e+00
-4.107187177514514786e+00 -4.959036929638989122e+00
-3.684430191447864100e+00 -4.715894102847176583e+00
4.715442483347073832e+00 -4.904616627595590472e+00
5.021232313552596693e+00 -4.450430647044076871e+00
-2.795882332072146870e+00 5.263211501906348566e+00
-2.682986931947366482e+00 -3.063212280824320732e+00
6.672513535770869808e+00 -6.390042028184229395e+00
4.279675062219003401e+00 -4.902907559444992458e+00
1.348183412778401813e+00 -1.628079982684066618e+00
-5.491635959650261078e+00 1.709225474880572193e+00
-2.782791717372735896e+00 6.379926988542016453e+00
-3.365341280364587462e+00 3.719283801290444558e+00
-5.289640243443415102e+00 5.586556205854749102e+00
-2.801898633830193219e+00 3.775111640236478827e+00
-3.529536893371752804e+00 5.273401420603021528e+00
6.226854226545801119e+00 1.199126776521142856e+00
-3.143099169133462656e+00 1.780189416897667298e-01
-1.636581709627081382e+00 -1.192641715934833702e+00
3.366751935470703394e+00 -1.456699119468464421e+00
8.507758187955380413e-02 -3.485340090316334294e+00
6.308999777770291750e+00 6.379481460873887677e+00
6.716633037679734741e+00 6.184069966673598095e+00
3.452528854998769159e+00 -6.301124338192487073e+00
-4.305822699512077634e+00 -5.023040339055441450e+00
-6.152245506580723777e+00 1.445914215666452174e+00
7.051795778903406919e+00 -6.407624197992258352e+00
-1.719645365251668001e-01 -4.482691641871358712e+00
-5.556787473151468149e+00 5.759409304815096498e+00
-7.007600416333375826e+00 -7.031691105496530980e+00
-3.855660669398700779e+00 7.288717590775668498e-01
4.603850203137083597e+00 -5.339855080742140103e+00
-1.907405483515745015e+00 -1.481600109878182359e+00
-7.039618345135111532e+00 5.985998074333598318e+00
-1.665293264052737643e-01 4.128307190001852867e+00
-3.980647427157720131e+00 -5.736524266311528564e+00
-1.262060171666269937e-01 -2.212621700053897023e+00
7.042762974387544617e+00 2.448932188687435452e-01
3.544633054877566636e+00 -5.785221453529827862e+00
1.168884964214808586e-02 -5.309097506107436359e+00
2.872474971202617411e+00 -2.155709947269107918e+00
5.390691552611303727e+00 -6.298428774736521518e+00
2.668946455204459500e+00 -6.128449943793611965e+00
-2.046385508326804992e+00 -2.249441167968468047e+00
-4.075333799180993921e+00 1.770598777989599970e+00
-1.616349852289632461e+00 -3.958029587297142271e+00
-3.400464440007106681e+00 5.632281083699267832e+00
5.414711771190313883e+00 4.961641802320986727e+00
7.296899779047891776e-01 -1.118303804841812354e+00
3.990927128637348442e+00 1.245903045520943553e-01
6.031902797630685598e+00 5.510400927765031653e+00
-4.247175156014866282e+00 8.157362016276745731e-01
-5.146122494102030487e+00 1.939450130224081414e+00
-4.228013015239138639e+00 1.212184261286083808e+00
-6.205436699151792190e+00 1.783243263387656041e+00
-4.379900282545116319e+00 -5.583188341064008853e+00
-3.593763085636560550e+00 6.230376257036529530e-01
-6.944527060989051037e+00 -5.630324416687084582e-02
-5.906543671206998525e+00 1.126280393755876852e-01
5.391093908011987068e+00 -4.100033293831031322e+00
-6.622761689905126481e+00 -6.065202820839529885e+00
2.790021699006024036e+00 -1.912678974372765461e+00
-2.290713225690491850e+00 6.074374001081507046e+00
-6.997340325735974531e-01 4.085606079989732464e+00
1.326370806278907466e+00 -3.098990499732846349e+00
8.331160255602504394e-02 -5.307200333086321109e+00
4.551819256634066946e+00 3.419226871403624468e-02
-4.919115487018641097e+00 2.529128911874396035e+00
-4.351136293481009609e+00 -6.038693204970497774e+00
-1.928121836170486603e-01 4.441395401326349912e+00
-7.739993764537962395e-01 4.092308393724934490e+00
-6.783066602770454701e+00 8.674837793640411965e-01
4.235660305453553320e+00 -5.691470673098055322e+00
6.490425277386137282e+00 -6.043117650799703533e+00
2.708227027332660852e-01 -4.078818253171904828e+00
-2.656065243574232682e+00 5.451576171483742073e+00
-8.054994228733817208e-01 -3.207948592012437761e+00
-7.505035633051690969e-01 -5.100663710442665533e+00
1.688866510366574536e+00 -6.594994956259926155e+00
1.543653527067007980e+00 -6.019098733376470278e+00
1.652145924733066762e+00 -5.560475909219739776e+00
4.395312661095092110e+00 -6.373801848446705165e+00
-2.040066012574426768e+00 4.133480069850550720e+00
3.101258870247620703e+00 -6.319454217847064292e+00
-6.434746647145549225e+00 2.008809960193525868e+00
3.850558716972837914e+00 -4.570635170014260673e+00
-3.755565556262631333e+00 -6.097814607938855325e+00
6.563445062746983139e-01 -2.835113019971664094e+00
-4.798409958020351418e+00 2.979044708443218781e+00
4.104481698291033709e+00 -4.195708502235528492e+00
-5.459557190682662764e+00 2.683135580120147523e+00
