3.616593537298249394e+00 -8.185985651210764047e+00
6.057178351126910609e-01 -5.806264748082383687e-01
-3.120690204696031422e+00 2.093209155358025431e+00
-5.409639582239626598e+00 3.976782037717644158e+00
7.471163484127644416e+00 -7.251686399735691957e+00
-8.636269165508707601e+00 -8.574042678792768157e+00
2.076625659549510949e+00 6.005894252277526491e+00
-2.975158341045238242e+00 -3.529512519664461667e+00
-6.048913381287472468e+00 8.514356956910249963e+00
3.800390320066185268e+00 -6.294481791751753263e+00
4.449051569406217155e+00 -8.993323274167417836e+00
-9.080647513445658348e+00 -7.585578927696946749e+00
-8.603766233836420696e-01 -1.707151718624995707e-01
8.446556090309528031e+00 -6.744738107991315346e+00
2.859771552259084082e+00 1.086082773305971028e+00
7.981640964858719656e+00 -6.759713776862428247e-01
-7.662173407770104916e+00 2.134694296705747174e+00
7.280696360896428132e+00 6.826857345624526729e+00
-7.075645290314982461e+00 -4.446236259714805072e+00
-2.307802342436593879e+00 -4.427759718965249114e+00
-8.164286482731581529e+00 6.032797958357422274e+00
-4.163934576794290354e-01 -5.669518884753613541e+00
8.984743034174186960e+00 1.873708967963144456e+00
2.922241230996977190e+00 -7.433076890606265863e+00
-6.360322687258201491e+00 2.412945179872144852e+00
9.037749441011211360e+00 4.331335352808427963e+00
-6.434020575639985973e-01 8.819525345857639476e-01
1.640097406058290908e+00 -4.180732086643444312e+00
5.815328069666236388e+00 5.339637108090023787e+00
1.213991710060202234e+00 -5.556774563760065178e+00
5.957506836592073363e+00 -7.202684988140773292e+00
-7.010796533642048800e+00 5.550313180204680563e+00
7.265532453066942509e+00 -6.237894053576976461e+00
2.766047981314112114e+00 4.798431992798255052e+00
2.946485647716353018e+00 -2.295039533528676845e+00
-6.605484504695447789e+00 4.071048940113350945e+00
8.580283277355597038e-01 7.386045150197271703e+00
8.468846876583109307e-01 3.738134243927862421e+00
3.467307254425368690e+00 -1.309618056598771618e+00
-2.351642895451093729e+00 6.183668505783516345e+00
4.403647619934136337e+00 -5.281567005542153304e+00
4.854229930993028574e+00 5.938919222142358123e+00
-1.689124667126357338e+00 8.529680063451911209e+00
-1.001690648080276747e+00 -2.022647140489236328e+00
-7.327693722584618818e+00 -8.864359845842104235e+00
2.512303414393799450e-01 6.212679762729824695e+00
-1.673969922665472954e+00 -6.197644849503124220e+00
-7.324197876016667053e+00 6.940018322736604794e+00
-5.450593960728544296e+00 2.960150005103968862e+00
2.072305611557572202e+00 -3.032101468334339245e+00
-1.115855866975958566e-01 -6.805366082656163051e+00
-5.997241145735987544e+00 -5.700775043914124041e+00
7.013869673519603332e+00 4.546853867690151318e+00
-4.942544131187169398e+00 5.955835892021528188e+00
2.252591177561297897e+00 -5.258865368047493050e+00
6.071558628773668254e+00 -1.619156689185136555e+00
8.515781130226141471e+00 -8.358033660961165623e+00
-5.976924726238467045e+00 8.321772025743481294e-01
-2.100365166714686982e+00 2.556583543204087317e+00
-3.051741343966738462e-01 -9.087619673843949641e+00
9.456077690657017920e-02 2.801072961884909063e+00
-7.359742297609455086e+00 3.319425629914749543e+00
-5.826565138436773594e+00 -7.419322686094989905e+00
-8.058381591635275232e-01 2.348314834476518786e+00
-7.901274596060532396e-01 3.529185586926898655e+00
2.231367092325851065e+00 7.104774240473940239e+00
-5.314719776018860919e+00 -1.355636675374466860e+00
8.439240400008571896e+00 -4.245551122006658851e+00
-6.940794242390186497e+00 1.307055238194235969e+00
7.764188844311023630e+00 2.931748526185182779e+00
-5.559919572248059438e+00 5.038779924740963700e+00
-5.979857483495170989e+00 6.349374003437028513e+00
4.530588464350085998e-01 -7.866116825449047667e+00
-5.907761606343292726e+00 -3.687036007139176341e+00
1.506698134411648127e-01 -3.384100313330628218e+00
-3.801838068121781600e+00 -8.447349353852022347e+00
2.202456816956012364e+00 -6.354008291913756601e+00
-4.369292113092734020e+00 4.933635121392492273e+00
4.497609600112947525e+00 1.165853629913583767e+00
-4.014831171379641184e+00 -1.487516556123703149e+00
1.482172212583814375e-01 4.755575319487884478e+00
-8.437105692822406411e+00 3.595121984634739309e+00
6.808846457549345921e+00 7.969762664251208051e+00
1.050429147729857959e+00 5.409406803102493555e+00
7.942469417195678005e+00 4.111868403030510599e+00
-8.805723787765808552e+00 -2.343193169087091743e+00
2.882076591052637471e-01 -4.983969259798946005e+00
1.683070698022874900e+00 4.231963457396720862e+00
-6.085580023076285983e+00 7.437006984611705285e+00
8.364595360521876799e+00 1.094173895004636909e+00
6.255474948036135352e+00 6.500120987243773740e+00
7.143278878715421776e+00 5.688703809551570068e+00
8.858952695004354894e+00 2.974695019652657368e+00
8.624244287191904501e-01 -6.546631756692823600e+00
5.859154995976015634e+00 4.061361376831818859e+00
-3.058637161089645229e+00 3.356340712426960415e+00
-7.155054419938640109e-01 7.878610984883459345e+00
1.197794221374746781e+00 6.483306652088077549e+00
-6.997860514819671529e+00 -7.814333560252692656e+00
6.163725281074635021e+00 -5.730188260269727607e+00
