-7.625180622386492857e+00 -4.636181150358117620e+00
9.729915916105268181e+00 -9.363227202966928786e+00
-4.679310288701730158e+00 -9.440752433836838264e+00
-1.117914958855982199e+01 -7.631273552287574979e+00
-8.772927618394923854e+00 9.407900592768161374e+00
-1.093555970566399971e+01 -4.590804298886702384e+00
-5.605336465574858096e+00 -8.244772733884948579e+00
-7.661387798335178800e+00 -1.002208871305061422e+01
-7.855474651398331787e+00 -3.581123551163022167e+00
-1.006910417083626363e+01 -7.933932401281892588e+00
-9.040098921930052711e+00 -8.210708993201455641e+00
-7.296154112700315331e+00 -6.882331583697200550e+00
-3.479350015450091149e+00 -8.774369709284876251e+00
-2.192890700594322340e+00 -8.195213200756949590e+00
-8.623216416061357137e+00 -9.279883387170839271e+00
-3.484013346029293801e-01 -5.695233944516044922e+00
4.145910582276501888e-01 -3.473215629609515798e+00
-4.292941244530547706e+00 -7.043133271383570815e+00
7.471251455090897053e+00 -9.003020897321189153e+00
-4.171858464233160757e-02 -6.816566818272797867e-01
-7.035997004744777961e+00 -7.935684290549112063e+00
8.713675787024293129e+00 -9.015601002909829020e+00
4.737656275814107754e-01 -4.956578363797031095e+00
8.697948038092487621e+00 -5.623617562392547953e+00
1.079811908877289106e+01 -9.654248918220169173e+00
8.743258485918518730e+00 -1.004006489524673285e+01
-2.500608166422787715e+00 -3.702266038607817222e+00
-2.606731482622735574e-01 -6.820411161087520213e+00
-1.065316757094701572e+01 -5.689210742514477559e+00
-8.578701685723544301e+00 -5.261136032500029813e+00
9.318421820910034015e+00 -7.979120204766956270e+00
-2.725307729846254468e+00 -4.795182240489175740e+00
-6.538741027287220398e+00 -6.126627082724144913e+00
-8.203405879235642573e+00 -7.518540763527001403e+00
-6.533989078213015667e+00 -1.046366428312407315e+01
6.174421317686877408e+00 6.367181836362568070e+00
1.095134720123141925e+01 -6.476040416212240913e+00
-4.647860231178128743e+00 -4.765751888638156686e+00
-4.493252195952435635e+00 -8.238568636193633665e+00
7.362200384845468903e+00 -1.028851578262790589e+01
8.506950505988985611e+00 -1.106996937708415985e+01
8.852040613776878786e+00 7.609068818010823243e+00
-1.442095217324278256e+00 -4.980344889083451854e+00
-7.449789675009043322e+00 -1.115952731319126023e+01
-1.582763897571558109e+00 -1.640784628640813703e-01
-1.025348162384048223e+01 -6.822622150439111799e+00
8.275227190605447092e+00 -7.878322975728165645e+00
-6.414279704805113447e+00 -8.917075757809261205e+00
-8.615902897780999936e+00 -1.072939051053590198e+01
-4.456800901164489126e+00 -3.457758888886702575e+00
-9.837134800619502073e+00 -4.907398505473944184e+00
-5.509338913872602106e+00 -5.462834142824783079e+00
-7.603723057238394034e+00 -8.856266785466356595e+00
-3.244323209792212559e+00 -7.627622469303473984e+00
-9.454331063682614555e+00 -1.007728300691097267e+01
5.400137781871029219e+00 -1.487399388937123756e+00
-5.683295099108550907e+00 -9.827955059921704262e+00
-3.569354656503009871e+00 -9.905776201051567753e+00
-8.960084789691730833e+00 -4.175749668097306966e+00
-4.349803664354611854e+00 -2.283430663251144743e+00
9.077361590325660146e+00 -6.865874830015073371e+00
-4.575614874989025971e+00 -5.984565469749170141e+00
-2.076456315250448104e-01 9.151843051307917420e+00
-3.391857718505403518e+00 -6.492346541403861693e+00
-8.357338293730022016e+00 -6.283917468510819226e+00
-7.503648147949752101e+00 -5.748911103221137964e+00
-5.414434833100583155e+00 -6.757805655881136353e+00
-2.239988039006565845e+00 -2.603466744077158168e+00
-2.223601124091801662e+00 -7.165882698641641291e+00
-2.368596308763518454e+00 -5.797223630728298716e+00
-1.129410999290733741e+00 -7.564403761543596616e+00
9.824007782842704373e+00 -6.062180935055185849e+00
-6.630175379094011667e+00 -5.018755354575610284e+00
-9.476104173575178535e+00 -6.064737651012162445e+00
-2.438443585268913694e+00 -1.416764264016886266e+00
-1.486831004375601450e+00 -3.679483627252032374e+00
9.900340679397180210e+00 -1.053019574050222751e+01
-1.078860455480866065e+01 6.206169276809005986e+00
-6.813599022235341529e+00 -3.972267920217713133e+00
-3.700510424878298732e+00 -4.175933148614566548e+00
1.017500860714632616e+01 -7.367710466376018452e+00
1.059639783742099439e+01 -5.424288273778194558e+00
1.111946585085654782e+01 -1.102763845627405281e+01
-1.136767038543951003e+00 -2.446015542413100707e+00
9.650367035352696021e+00 -4.944228228492967503e+00
-5.437639240671123808e+00 -2.243647256304970306e+00
-9.812794616627993349e+00 -8.988642097945373166e+00
-1.088831169274835275e+01 -8.750753326346192296e+00
-1.380527559978582008e+00 -6.130387473957024547e+00
-4.515578884270976978e+00 -1.048065755827272660e+01
-3.360889005808657348e+00 -2.958843212300149350e+00
5.091418924828380183e-02 -2.395397819569806241e+00
1.027380358728921017e+01 -8.441847056880567024e+00
-1.201329291528781429e+00 -1.189232243791245702e+00
-3.803602750621335460e-01 -4.279631066511250026e+00
-3.607162000688428183e+00 -5.404066970434208805e+00
-9.324587153618749014e+00 -7.193453791828487098e+00
-1.056390245983282128e+01 -9.830436282007632087e+00
6.751232322198990943e+00 7.564396172226945048e+00
-5.760075784602512350e+00 -4.119941634056862867e+00
