-5.647470572754998308e+00 4.194238345990697781e+00
-3.366647469313995611e+00 6.895873570565531629e+00
4.684658324479009650e+00 -4.917645516780856596e+00
2.386747178160291138e+00 6.368686376907487734e+00
3.708168814908678002e+00 -7.882031287001722841e-01
4.438568911579734433e+00 7.127212120031555465e+00
-4.001639558241756767e+00 -5.016861598908438857e+00
6.127725597869857488e+00 3.281370926307999092e+00
7.496666469864813109e+00 6.468868312305540158e+00
-4.545964397735800411e+00 4.353393984835645547e+00
4.591186835609386563e+00 -3.340218296335954573e+00
3.307265750766385626e+00 5.852066709832648428e+00
-9.410049851214956629e-01 -2.372273532152556097e+00
2.800466848509058915e-01 -3.078341291461361706e+00
4.487345014193110160e+00 5.753883830899917839e+00
3.183863014796339819e+00 2.235336926003479885e+00
-1.072931093232671440e+00 3.457221228505004795e+00
-6.497230643081672419e+00 -5.309622399043429475e+00
-3.193955568918929622e+00 -7.067153956740727772e+00
5.008401332318849875e+00 2.168122455981846830e+00
7.124158420441745854e+00 1.729388105941456644e+00
-4.987404236461894236e+00 -1.020972376373363355e+00
6.989924688440842360e+00 -2.809859179372220517e-02
-5.857766469217616567e+00 -7.642077608161421232e+00
-1.141469506149564550e+00 -6.157013905208300386e+00
4.348737938943130210e+00 4.438155749162669750e+00
4.165977430982613861e+00 -2.330126765237045205e+00
2.303725310019244521e+00 7.886738397460745231e-01
-3.102419984631310967e+00 -8.183472478511016890e-01
-4.265861931140850771e+00 -3.006738469611906162e+00
2.750994939498241365e-02 -4.714864451915137700e+00
5.486601835367949320e+00 -6.460156856321879637e+00
2.627699375693472561e+00 -2.804846795418546312e-01
-2.365178186775362512e+00 -4.536940331007653704e+00
5.946694752416613383e+00 -2.012149344525285155e+00
-7.590162556687458206e+00 -7.271101777444162195e+00
-6.979736177033646349e-01 -3.341158205152009675e+00
2.232904123467078339e+00 7.559803613070967820e+00
-2.448269205446125252e+00 -6.384365877503005215e+00
-3.673458763214047629e+00 5.179932096308491829e+00
4.773514646863500133e+00 -7.618883320734497033e+00
6.020833671314327340e+00 -7.798323848806372638e+00
-7.135601076345378380e-02 4.063011175892030202e+00
-2.774143748487267747e-01 2.936001370855098713e+00
-5.335526015979381143e+00 5.740576106869299977e+00
-1.966650356312845460e+00 -7.405905533342513891e+00
1.054919794526933297e+00 -5.229902564935531295e+00
-5.582322339162645086e+00 8.334342442961466535e-01
-7.219497097391936791e+00 -3.909616348910430972e+00
-7.503360951332005868e+00 -2.536837154058058985e+00
-7.653117881624226015e+00 1.974374654439320365e+00
-6.488112301925180958e+00 -1.898516399757738116e+00
1.419874112392542909e+00 1.169648968127600941e-01
-4.890178731040236038e+00 -7.067837090949511847e+00
-6.612274955452718039e+00 2.669042121557665848e+00
5.567734791083585044e-01 -4.270291226403537532e-01
7.259952103260342682e+00 2.797864159972385689e+00
5.260891446178494135e+00 -1.888752850453098708e-01
-4.987649664318571041e+00 -4.138944800422828862e+00
-6.744842703601440448e+00 7.258384123473888838e-01
4.308645271905558793e+00 1.721717124119015174e-01
-1.300627900580457297e+00 -1.117566337774500429e+00
-4.366480650559236842e+00 1.439381630904018827e+00
-9.009367813547081161e-05 5.909829790685804163e+00
1.029521545618146128e+00 7.537605210104286080e+00
7.291536585019039229e+00 3.827389535987763214e+00
7.462365989335391525e+00 -1.387725932466073342e+00
2.628855162375237087e-01 -6.887250367324541322e+00
2.445886175352614877e+00 -6.268116170037276724e+00
5.623197042022749059e+00 6.792912517169648723e+00
-6.472304080373393331e-01 1.790073300654496435e+00
-2.336450062035727360e+00 6.023605573012680736e+00
-2.537116749095098545e+00 -3.073858360286965574e+00
-3.098541683889357579e+00 2.929106400979711644e+00
-6.388665001432381807e+00 -2.875078194539351095e+00
-4.667982426498349824e+00 7.418520937557178563e+00
-1.187903110923116623e+00 4.582216979400484114e+00
5.756169841850959479e+00 -4.752011902064898763e+00
5.008555270674612814e+00 -1.179403965311297320e+00
1.184262413717033446e+00 -2.481219067843190906e+00
-7.170484748421632304e+00 3.986948556421773482e+00
-4.565346515674708172e+00 2.925641514427525625e+00
6.350232936405117989e+00 -5.735900959189275561e+00
3.441266424471504770e+00 7.465428323719079273e+00
7.769617502794845088e+00 -5.718538028126774364e+00
8.458773054718523587e-01 -1.485305272492239315e+00
4.808112871700035207e+00 3.294155695149819874e+00
-7.842896615914598968e+00 7.392010140292662790e+00
-4.202106407326818172e+00 6.018376534099235009e+00
7.336412319936636450e+00 -2.710513343667651842e+00
3.334770225962944590e+00 -3.550673871981354424e+00
-2.194876386746541286e+00 3.677002475093293921e-01
1.229925161454427984e+00 -6.348899163081949126e+00
-1.512615356376600939e-01 -1.406079852040109435e+00
-9.618133890732432079e-01 6.841033888957607223e-01
4.059728574714262628e+00 1.462627199336211659e+00
-6.439776773173777613e+00 5.547277070165931079e+00
-2.203031709565131724e+00 3.810810159398607233e+00
1.065896680879161895e+00 5.029924773661505810e+00
-1.549398382510983829e+00 2.342891415962667701e+00
