-3.256324760636859494e+00 -3.656417019923251299e+00
-1.551294503923882129e+00 -6.915074987529218120e+00
-6.843964055851864181e+00 -5.448447434401792577e+00
5.344515222707495461e-01 4.324005616495079529e+00
4.886302437103629437e+00 2.064504952888854383e+00
1.776666535869995678e-01 -4.215602332174226419e+00
4.188477089849606649e+00 3.007028982584227350e+00
-4.163847327826710298e+00 4.911534485562639163e-01
4.885277659447659460e+00 2.588630940813637649e-01
-9.995392809711058923e-01 -5.445923584120984984e+00
7.373585596485734861e+00 -3.735907399036614063e+00
-3.860454060073940763e+00 -5.125293374396444612e-01
-6.404063977944026931e+00 4.710721805765709647e+00
-2.732989376650702074e+00 2.829300123848358162e+00
6.265073272583123298e+00 -4.139918841997799248e+00
4.615645915463123750e+00 -2.436765632562440942e+00
-3.102761808488093020e+00 6.297432405364562946e+00
1.092290963684554583e+00 -1.319189164476122889e+00
5.716106754257505251e+00 3.712192814209783087e+00
5.818946597258752185e+00 -4.420863912013079378e-01
-4.870019518309669060e+00 -5.542872552186702606e+00
-1.893815570698784423e-01 3.404408499124098597e-01
1.870464735195137340e+00 -4.020045341353791990e+00
6.973512180287009254e-01 -2.399300587886535663e+00
6.457673057200402411e+00 5.673696314287616005e+00
-1.444408523744070028e+00 1.619543734485361153e+00
-7.414793711143188304e+00 5.520563547019718520e+00
5.185035664090562157e+00 -4.463736734287943264e+00
5.458899876983592137e+00 -3.282476634015697670e+00
-6.937726928433168183e+00 -2.947410126161010169e+00
7.452559782040427017e+00 4.115636985717872953e+00
-5.638953225822286974e+00 6.295358465953280636e+00
-4.598490330421526329e-01 -3.169384338237233756e+00
2.903631701087900918e+00 -6.713597111198456702e+00
-2.041107839699479065e+00 -1.567626572795093542e+00
-1.000935120907461284e+00 6.457366035963756801e+00
-5.968870373631502524e+00 7.354680802076563495e+00
-6.940110383480861067e+00 -1.138539781898112668e+00
4.802630240418750418e+00 -1.378242252558415037e+00
-3.315039833990587770e+00 1.552991442998041371e+00
-1.223406428340554797e+00 5.266189372351830933e+00
3.246210358414777897e+00 2.615452554710832045e-01
-5.609967270872690648e+00 1.803817538073615445e+00
3.801590195566475039e+00 6.598698490860486210e+00
5.793606134404075902e+00 -5.665960820661768871e+00
5.790376581663522870e+00 2.634374411557366180e+00
6.890180151366481098e+00 2.854764661345808197e+00
-3.215434866308753303e+00 4.375226105614615335e+00
4.116096990021602231e+00 5.408148449050266926e+00
-4.644564277348854908e+00 -3.927361672282615235e+00
-2.474746923637184626e+00 -1.506400506901210967e-01
1.206045169291278363e+00 -4.922586020000161433e+00
2.115988083485159432e+00 -2.626863597894323110e+00
-6.198892259910944169e+00 -6.502601734360728969e+00
2.795714851590878069e+00 1.680935887451568300e+00
-4.767492404093860436e+00 3.566349793818728742e+00
3.360463974977460300e+00 -2.408004772668069560e+00
1.287341139505107535e+00 6.471051125028188800e+00
6.422747036137709031e+00 -2.797065049446256779e+00
2.396307280911636362e+00 3.021221292796552493e+00
-2.191756542856399648e+00 4.753825182221809165e+00
-2.840287079756535604e+00 -5.952340264049303720e+00
5.004563529047930892e+00 6.027525236980308065e+00
-4.596370247820393828e+00 6.778016388304307860e+00
-4.998180238898833672e+00 -7.006049037538290003e-01
-4.859521398332006248e-01 -1.930546382781703540e+00
1.941865409627725469e+00 -7.179222491294241060e+00
7.344319246546693325e-01 -7.446621695447043443e+00
-6.620681153563266363e+00 -4.127643335675511338e+00
1.228560097955149644e+00 2.311246621530380185e+00
3.655609394794297473e-01 2.896494175876791477e+00
-1.874412801240128157e-01 -9.968931587315517096e-01
-4.134922022357051752e+00 -6.915019621546150574e+00
-4.838987230317943755e+00 -2.919725078011548902e+00
5.534883331981660604e+00 5.083530514328756134e+00
-6.504013677531396809e+00 3.273446900535241788e+00
-4.215597687488791045e+00 5.495318856759524806e+00
2.553733502373414677e+00 4.755729052663557610e+00
6.004580652471096514e+00 6.775964917620120431e+00
-4.130548130445283128e+00 -1.812494589053773142e+00
7.496602652396958666e-01 -3.369145178321321765e+00
-1.191074968906377096e+00 -3.015591813940217136e-01
-3.459968316297348689e+00 -4.683536767708839754e+00
-2.337756489253891345e+00 -4.286973836120292702e+00
-7.416517634776469414e+00 -2.019999052319084498e+00
2.334187174664717201e-01 -5.373304064186134710e+00
5.530415572694313830e+00 9.994459948321632314e-01
4.053295077511284816e+00 1.069829649190887633e+00
7.001107121621180873e+00 -5.214451088976455040e+00
-1.914384626900838438e+00 -3.290418825620577969e+00
-2.258580057786895523e+00 6.778836612018029228e+00
2.246450001509297800e-01 1.808755328164116660e+00
-6.823364069830844869e+00 2.061682817691218084e+00
-5.563177391428245855e+00 4.630523953869987719e-01
4.363756100951417416e+00 -3.641188934602783256e+00
6.899141590454281214e+00 8.709533717994033530e-01
3.779703640805567755e+00 -6.398747104113770012e-01
1.314202874950693989e+00 8.420844491550105726e-01
-2.451983239930340286e+00 8.947521447832695873e-01
-1.192808195076775046e+00 -4.322732944137605671e+00
