7.267812369410457052e+00 8.068797734538536437e-01
-3.934046119581282142e+00 -6.067871163581335381e+00
-1.110792506859774376e+00 6.939304281122559148e-01
-5.092608761224540537e+00 5.838091193432200399e+00
-7.940309229100943611e+00 5.718933127933651939e+00
-8.175520472617723300e+00 3.350614357072504212e+00
-4.320483967986070262e+00 4.381763109810532519e+00
-3.576168256769001186e-01 -2.299061423952239114e+00
-3.139722375730285009e+00 6.069052004899493369e+00
7.131327481020778292e-01 1.134441311131466623e+00
-3.819703621889054990e+00 -1.346835971030182488e+00
-5.314542700969091094e+00 2.098301265829868978e+00
7.155369068566907131e+00 -2.597618409269575324e-01
-5.351488133347467979e+00 -2.086687851954886208e-01
-2.670644437380230052e+00 1.459990540901873857e+00
1.912042257431836756e+00 3.652887713604759945e+00
6.402256268472245049e-01 2.700463824766559107e+00
-5.822832530718627275e+00 -1.670133904062582442e+00
3.524540240846933514e+00 8.089613764942050755e-01
4.294310295856057280e+00 3.821243906218269260e+00
6.963299125488184860e-01 5.202690943443720073e+00
8.409758270428591587e+00 8.754178017781365284e+00
-6.234727786782396031e+00 8.387350345782106587e+00
5.381872921534157861e+00 6.300516364057713758e+00
-8.572393825908498854e+00 -7.217930109493242874e+00
-1.798623597692543319e+00 -3.787117568117121635e+00
7.448446286602778521e+00 -8.602618727124715647e+00
-1.718583221950891637e+00 -5.422574750541281574e+00
7.564772786446978259e+00 7.923909571703465993e+00
-6.426182765335330060e+00 -8.904908314263622060e+00
-4.509775801175312182e+00 -4.884386909855664705e+00
2.888249037402702779e+00 6.409390741653549384e+00
8.453846976432805249e+00 -8.913125894898912271e-01
-3.056739149832966795e+00 3.679186484382801048e+00
8.444160917072270678e+00 -7.137227902553543224e+00
6.450433856127612664e+00 3.437370011874522735e+00
3.655335905169227129e+00 -2.085605725628255858e+00
-9.609700430122046777e-01 8.435258578251632500e+00
-3.578153339257152510e+00 7.022820468036288233e-01
6.110290303846904081e+00 1.657112758245227635e+00
-8.917331145924896063e+00 4.286134588807924750e+00
-7.298952263488930114e+00 6.657136931935926150e+00
6.115921210988918055e+00 -4.571275675059318644e+00
-2.234049379162467375e+00 7.993321254763024797e+00
5.621672204336884526e+00 8.499541697214301195e+00
1.532885743626827058e+00 -6.780843646116765377e+00
4.507437202880093530e+00 2.100921458212623161e-01
2.437656710126173021e+00 -7.305567813011950129e+00
-2.640558182105692264e+00 8.726008521414602148e-02
5.482003798641242653e+00 2.865000698201846774e+00
4.952498305386580313e+00 -8.674432873904450503e+00
-6.542472733493793768e+00 -2.878921315480730825e-01
-3.722563415276386234e+00 -7.267007633007359857e+00
2.749160209068342020e-01 6.808598400546775231e+00
-8.070757662110416675e+00 -8.960740022606074717e+00
6.705934738897056491e+00 8.736358470687889621e+00
-2.442479478579645757e+00 -8.658878316703628286e+00
-6.666373841267784428e+00 -5.642330453796648548e+00
-8.636845503147338121e+00 -1.917187440432764456e+00
4.287443102666455452e+00 8.071616351922077826e+00
4.064917183458356398e+00 4.921228958461543179e+00
8.070504762218339678e+00 2.220157640855179082e+00
9.126365283420460273e+00 -5.767249352190909839e+00
4.044468076114546840e+00 6.271184375714723203e+00
1.723862348892891694e+00 -9.030263032226105935e+00
8.534922883523533343e+00 1.291896095703850778e+00
5.945095550750452595e+00 -1.038150906572246207e-01
-7.763424548958461457e+00 -5.851314827971073385e+00
-1.792948106050968882e-01 -3.956310785996453472e+00
-7.879724795787722336e+00 4.517765054160057581e+00
6.411817661797132306e-01 -5.442491097865348237e+00
1.840537233967985076e+00 -4.680570280180953446e+00
7.681742446570862803e+00 6.831205960530597920e+00
5.021925386965371274e-01 -6.679482639953009837e+00
-5.506969495157792771e+00 -7.652762316822416366e+00
4.456342112483323348e+00 -4.269481293427171309e+00
-8.849884821747924235e+00 2.372186768069289631e+00
-9.065122040776993018e+00 -3.972527889313485439e+00
3.174902171561091890e+00 2.093873160906424058e+00
-5.439416253052512529e-01 3.654545260809983098e+00
3.405829639992700830e+00 9.012258766649607011e+00
3.419081773375582944e+00 3.129756437203933039e+00
5.152097242306520108e+00 -5.647978720462763391e+00
-4.616397855199425138e+00 -3.796348191513602810e+00
-4.799150288933194730e+00 9.824967376657266493e-01
7.022724279144646253e+00 4.331538603650177066e+00
-6.183293463579168092e-01 -7.489577444723178878e+00
3.133462094997044645e+00 4.184147630955309616e+00
3.385305908843648126e+00 -3.492212055680767424e+00
-8.601788628734421405e-01 -4.874612619287869819e+00
-7.283807224633108923e+00 7.871672483370264040e+00
6.312588895597964544e+00 -8.299705512712172606e+00
-9.375767629576911011e-01 4.678803549479852997e+00
-4.528211756579644920e+00 -2.614864950089039297e+00
4.899870874625127826e+00 -6.629470381844904114e-01
6.425239103517610850e+00 7.438414566530783922e+00
9.099401577564858457e+00 7.049823810575933436e+00
4.749913188949630438e+00 -6.934260436003676809e+00
6.394973829496407802e+00 -2.760426283068056375e+00
-9.032439541311633846e+00 6.208802027560694770e-01
