2.562376255648413981e+00 2.968970084095687412e+00
-6.546358590814785217e+00 1.619909543749981085e+00
3.764153795691052462e+00 7.542266746519397103e+00
4.667546136530779322e+00 -7.187198602424058613e+00
-9.222133967721369174e+00 -3.249239753427762833e-01
-1.768884403953311812e+00 -5.385683008497597513e+00
-2.593346647788105308e+00 -4.276864982016410188e+00
6.191936104065082214e-01 1.553136650084546433e-01
-1.782420064465005449e+00 -7.355212459925367874e+00
6.875949807600843400e+00 6.899405025808970748e+00
7.531079730457161503e+00 -2.808023131355060986e+00
-5.132871211730226868e+00 5.549473815866162951e+00
-7.857235393786362820e+00 5.348452274239999582e+00
8.765292964456280700e+00 6.766033733464788646e+00
-2.290081806373400752e+00 7.338070958603100991e+00
-8.489584870404481620e+00 8.315879732569195326e+00
9.984095816954805969e+00 6.625016321741600045e+00
7.948966696096005258e+00 -6.564776557723603467e+00
-1.053464716810151858e+00 9.493106405767312239e+00
6.528123882836998071e+00 -4.403005437541674283e+00
2.831566784287378180e+00 7.965490220607413185e+00
-1.513494638007928939e-01 -9.892254639764603841e-01
-7.100992283479349076e+00 -1.371780748487026802e+00
-7.581717838623359462e+00 -3.901393500167045225e+00
-9.102673302784804577e+00 6.984412070594114397e+00
1.264823365100585351e+00 -6.231994412075636092e+00
2.953541727876356937e+00 1.668634541169899954e+00
-3.713786866981159562e+00 3.904871172229107401e-01
8.082009774823365689e+00 -1.209164520014316402e+00
-2.282265802334439098e+00 -8.755414006782759273e+00
9.972269816544818699e-01 -2.787724330682110452e+00
8.127884342773291637e-01 -9.099246905945546970e+00
6.856532887186129521e+00 3.561011794133513320e+00
-8.306173943144193217e+00 4.391325521475912375e+00
-6.030703007698175355e+00 3.501754261430005233e+00
6.267779938071575074e+00 -5.948092686941283347e+00
4.843447683891903388e+00 4.940035988022506430e-03
7.512555890298692418e+00 -8.843180977362949946e+00
5.776963536008464573e+00 6.798888049312264314e+00
5.548145822628438140e+00 7.736170978789563613e+00
-1.929219501055842390e+00 9.931440946257838576e+00
-7.368795007689205256e+00 4.070741989741819999e+00
-7.956731118406341174e+00 1.581838680233699890e+00
4.051881865178655673e+00 1.428886593145738404e+00
-7.426895211231033578e+00 6.594635703266667370e+00
3.720126318963252299e+00 -6.190225473848588678e+00
-3.249727031250186027e+00 8.620684305395972302e+00
-2.419991748220284844e+00 -9.847969804913825342e-01
-3.521541103202598055e+00 2.367228532291553833e+00
-2.273424312320571072e+00 3.456614411813117016e+00
7.289053364109678412e+00 9.092126946008004751e+00
1.641098161487866691e-01 -5.770782059815747544e+00
4.144670514757359925e+00 3.186075815560034830e+00
8.161906828091430199e+00 -5.163887395968130178e+00
-9.507578935405062381e+00 9.415710438422349782e+00
8.888286051263612819e+00 4.354342303827828609e+00
6.196421452847496347e+00 -1.214681462371874909e-01
-6.971563922670535263e+00 7.536813452264891744e+00
9.201788208175130990e+00 -8.798557825228358054e-01
-3.109863994836642220e+00 -7.383046821404184890e+00
6.096476893351273851e+00 5.266603257274635297e+00
2.013280368915058904e+00 8.001096503463356324e-01
-1.932464448598641082e+00 8.661895199353704555e+00
-1.066462608017849645e+00 3.508026337899475600e+00
-4.499813364893993750e+00 -7.866371478927762340e+00
2.349150040824279806e+00 9.218090382666106919e+00
1.336817521991523483e+00 -7.798654863329274711e+00
2.957818848114070143e+00 6.891391923151286569e+00
-8.683235918865515046e+00 3.470372823949746000e+00
-5.872638547264197761e+00 8.148467454306882018e+00
4.629077669005495999e+00 8.953387503692754379e+00
7.772876962292437630e-01 -4.761360221229965717e+00
-9.947533754822526220e+00 -7.154408344920422991e+00
1.475017182992621079e+00 8.489749180469829071e+00
8.393680727105403250e+00 9.265416566553506428e+00
4.711191895734271107e+00 6.654678973561692246e+00
1.921905655215665032e+00 -1.766859793915047216e+00
4.877242546253602207e+00 -9.829393707302779504e+00
-2.841006957895889862e+00 -2.819447376582057352e+00
-5.439128072836346028e+00 -5.914948365372726613e+00
6.384555699139136564e+00 -9.183431049836087823e+00
3.046209770297589436e+00 7.057622391715233645e-01
-2.284605243344299819e+00 5.028053320559286443e-02
-3.714679748741363863e+00 9.898241785423682160e+00
-9.923051559167539892e+00 9.989424955099787118e-01
-3.380178691770763244e-01 -8.843060269738213464e+00
7.224915884109299746e-01 -1.535631673433432098e+00
9.578070152840071572e+00 5.202364740999310122e+00
8.384124589533540117e+00 7.929669269629593953e-02
4.963820198137107731e+00 2.589795366090839490e+00
-6.303528465653111645e+00 -8.530120501037609770e+00
-8.895802894245003145e+00 5.471042989443305693e+00
-6.301684926839810963e+00 5.956100480715561751e+00
-2.733372626252921211e+00 -6.414532644220756197e+00
5.163758216827615932e+00 -6.322775515213480801e+00
-7.252299206774865503e+00 -5.360858489359501711e+00
7.538508888446781242e+00 6.089805920957551244e+00
3.385218802924390591e+00 9.026414712351320091e+00
-6.944390948878170100e+00 -2.550999330793963349e+00
-9.657359921152959714e+00 4.237865771571450502e+00
