-4.544535073575326045e+00 -1.387869871943861177e+01
-1.025586687187094448e+01 8.221176480458225910e+00
-1.340384349367272243e+01 -5.998114228115031032e+00
-1.237036333566872770e+01 -8.545972160619173863e+00
-1.510891369574966170e+01 -7.886144272157023849e+00
1.512963474532086749e+01 1.539125206121795708e+00
1.046387169126723649e+01 -4.312834697764254877e+00
5.375399356291824304e+00 1.449837902056613359e+01
1.503351218010924129e+01 -1.247428987257647037e+01
-1.366975762793978255e+01 2.226654800724662486e+00
-1.454125350125424809e+01 -1.238665592027550844e+01
-1.167572323383408239e+01 1.343165954715153809e+01
-4.654913605249447528e+00 1.057815398120789752e+01
-1.019068426376719572e+01 -9.569459273825106749e+00
1.374028519611812627e+01 -1.768178844083067691e+00
8.308919244083014632e+00 -5.489715112419272458e+00
1.792000996463750440e+00 -2.102089746504308021e+00
1.270972578523855034e+01 4.882450253946810648e+00
-7.876143729099328361e+00 -1.062263114244004392e+01
1.310445293471848416e+01 9.679703240225462579e+00
-5.053693110350832463e+00 -1.552301681025825553e-01
8.459381304710918315e+00 7.341625628443519958e+00
-3.898779557474305602e+00 1.508282959654522948e+01
-6.634942557245837591e+00 1.052410948007235802e+01
6.147792888414739920e+00 1.343940307989607419e+01
7.940212398276228711e+00 -1.123850497793055503e+01
4.088610191790317927e+00 -1.078854432631965921e+01
-7.283892525778589366e+00 -1.279946737756313624e+01
-1.397231498570602604e+01 -4.419487975419868597e+00
2.301670376974300325e+00 -1.113530788445265429e+00
1.158638869376822456e+01 1.257108079943716206e+01
1.533987122862303654e+00 2.463558827141210106e+00
-8.988057952972617670e+00 1.486518950581249854e+01
-9.478114557540788354e+00 -5.149783647366472650e+00
4.446476761753916485e+00 -4.619401296013057490e+00
-1.180674419559719546e+01 1.548170309499806052e+01
4.988170303866112931e+00 2.155236171406470724e+00
-7.688717042849080308e+00 3.193679895573362515e+00
-1.214625428277392061e+01 -4.497926792001694984e+00
8.551056969082598158e+00 5.747364049814852827e+00
-1.141814499665363414e+01 -8.613563632829421834e+00
-7.059674561266813697e+00 -9.876365684082208940e-01
-1.467783692486973557e+01 4.170597591477646304e+00
1.266151607078237085e+01 1.238856179170983651e+01
-9.626534412907151506e+00 4.926571653015346941e-01
1.577062630660525677e+01 9.693787969918506775e+00
1.214347415267069508e+01 -3.410927876030584116e+00
-4.253148298270737371e+00 -1.237704699039674061e+01
-1.236167215819870613e+01 -7.296594706131706687e+00
-1.086253306548666053e+01 -1.514291358960983302e+01
8.881033274499369412e+00 1.163100842177945360e+01
-6.095563188845916081e+00 1.149673063653206873e+00
3.882388403635294694e+00 -9.414644238728609338e+00
5.576458683660363569e-01 6.145778518240968324e+00
-1.716373255180929869e+00 2.601453700709427941e-01
1.212590254002267365e+01 -2.336629589557279729e+00
9.690441950721881970e-01 1.362227066830675071e+01
8.979403478461950527e+00 -1.026252411342445470e+01
5.521069056153485199e+00 -5.011119231140235719e+00
1.461793949620549249e+01 -4.484845391402902948e+00
-8.512525788479678113e+00 -3.797022103293472561e-01
-1.426983207006140830e+01 1.227414141977287798e+01
1.378138605431818320e+01 8.193576814725682667e+00
-4.310927256656852613e+00 1.176252268332522988e+01
-9.249618313000160796e+00 5.352432963591795101e+00
-6.978876203313745918e+00 -5.439799046198707799e+00
-1.085376990386632201e+01 -1.087326485209610993e+01
7.241846788001964352e-01 -2.252709966036797518e+00
-1.552046963373284072e+01 -1.198220762402685935e+01
7.604834808171212934e+00 -2.999131403836380549e+00
3.353168978182083482e+00 -2.426867326056649343e+00
-5.515327954074344063e+00 1.177140720533196649e+01
6.660420597981332236e+00 6.627518646154477722e+00
-7.969605325824477005e-01 -9.329019570656399196e+00
-4.503650894797710968e+00 6.584946289345634085e+00
-5.973011428221015606e+00 2.226491184796141720e+00
5.909819665707649605e-02 4.107805567661123591e-01
6.947305329147578590e+00 8.928907591345045525e-01
1.014979184907575238e+01 -1.421120419889200015e+01
-3.025767890864233145e+00 8.866539308804936681e+00
-1.218715087298975064e+01 8.918705847511457563e+00
-3.308775239030631532e+00 4.635044193789384259e+00
-9.633626553147061955e+00 -1.565982950966660425e+01
1.578879079657435192e+01 -9.015973954105399590e-01
1.439640460136793365e+01 1.027068769019710359e+01
4.404725661590602748e+00 4.501262294804124764e+00
1.576548296128746607e+01 -1.338414410112022956e+01
-6.224412800968144310e-01 -9.630303579086321175e-01
-3.210355917161383577e+00 -1.360675716643809707e+00
-1.426962554590279630e+01 6.465887205047135211e+00
-1.346243720108180675e+01 -1.558129073601226011e+01
1.070311688555394447e+01 1.201247906146254252e+01
1.539038620943139790e+01 8.596245130430354209e+00
6.496381021429703750e+00 1.560105173039225690e+01
-7.283164559303392238e+00 9.126838564790013208e+00
-9.690359932887895766e+00 -7.506152401059948076e+00
-1.121838206638488344e+01 -3.434709732127405157e+00
1.070256497514964167e+01 7.385769201929644368e+00
-5.321872045305581445e+00 3.543538613991324748e+00
-1.068391152699720159e+01 1.503112674856213893e+01
