2.091040317284823757e+00 -6.155504749907652950e+00
-1.756643930931894193e+00 -7.673902179339730623e+00
1.763605245085767992e+00 8.046076224903840668e+00
1.384356262846298424e+00 -5.282620215433874833e+00
-1.913134702529690478e-01 7.214099209635051579e+00
1.046822878971810589e+00 -6.708291338496255030e-01
6.035976037369630287e-01 -6.643400941753841771e+00
8.245638428138752474e+00 -1.194940626904409386e+00
-7.608488473517198258e+00 5.222362590640558189e+00
-3.078184824387450558e+00 2.610196742426937000e+00
4.641594229482520539e+00 -5.368629372328843630e+00
-1.185805810638816293e+00 6.939602007647290627e+00
-5.472209004564373203e+00 3.997392227955590016e+00
-3.365162188726788628e+00 1.613139941830722845e+00
-8.336423838671366937e+00 -8.267784241652584853e+00
5.727224045025882226e+00 3.871678206135261036e+00
-2.717097742550243833e+00 3.874197814084184621e+00
6.059982071493514866e+00 -1.292726593372178101e+00
-1.089801470943985828e+00 5.100968603508725607e+00
6.025985514229552642e-01 6.430532855398006120e+00
-7.518273010822638547e+00 -1.813611985524764325e+00
-4.161078539359067463e+00 -7.466732374750788992e+00
6.458341303726012228e+00 -6.547682474719906054e+00
-6.801298942210913800e+00 -4.218683310732460612e+00
4.737585700511798947e+00 3.576004717160978341e+00
-8.104723586605967256e+00 2.667081425861571375e+00
2.026216451530404861e+00 -1.346492865494191893e+00
4.695607436470335294e+00 2.363569408813898320e+00
-3.638070009178294928e+00 -5.329929339475362404e+00
1.621363002245582274e+00 4.535710348344401233e+00
5.443920478418978526e+00 5.114145290576360914e+00
2.775211078426448985e+00 6.504573027228881976e+00
-5.782523697625147285e+00 -5.837364368425524974e-01
-4.115486188060992201e-01 4.185011671174473591e+00
5.089506030671845593e+00 -2.520722627183118902e+00
-3.910854780289560129e+00 8.015289487197254203e+00
8.229284043968583262e+00 3.509173628696560687e+00
8.135634435455635582e+00 -4.957345968564407457e+00
3.898654371435924748e+00 6.328481608394735503e+00
-8.004562564554547066e+00 -3.430173046876516807e+00
-4.854676631168191037e+00 -2.945399991720316191e+00
1.993143982720765317e+00 -7.519144510021396499e+00
2.760649550416136577e+00 -5.582713413842049777e-02
4.410520745339755244e+00 8.270993261950495778e+00
8.440783315083214333e+00 -2.026317954990782821e-01
8.191753234108174908e+00 -6.059651205554492215e+00
6.966623645235243245e+00 -7.288788059836072419e-02
3.483450731229905006e+00 -4.957679957360103806e+00
7.505775809326063808e+00 6.043940241246224865e+00
-7.193443076569101535e+00 -8.205639475100717561e+00
-8.012691887906605359e+00 -7.073879048090290667e+00
3.943512797857966046e+00 1.138830836365485766e+00
7.655015270600873833e+00 -7.530307366830655269e+00
-1.084519361611081756e+00 -3.828724990044835241e+00
-4.636960721513329053e-01 -3.018155245293330236e+00
-6.977509315168664017e+00 1.957016975506411516e+00
-7.472878772066464670e+00 7.658881502233205296e+00
-1.427361194183677018e+00 4.123850937149238227e+00
3.501449292234344313e+00 -6.018970726409375693e+00
7.241584957158569757e+00 8.000995558282642861e+00
1.415078609678196209e+00 5.637453550654378809e+00
-2.973360762103898214e+00 6.827812112857500004e+00
7.121127931042924075e+00 -3.988149880899802824e+00
5.192626160578276640e+00 -4.008099469829501160e+00
5.194561911866739656e+00 -7.009595121300948861e+00
3.958303262578032555e+00 -7.018071833441303475e+00
-3.030309525601190490e+00 -7.548137422655024409e+00
-8.864752702293737796e-01 -8.217015413677355440e+00
6.137110763979877426e+00 -2.640056384937924161e+00
-5.000151093394753943e+00 5.184384818724334210e+00
6.336974937464050939e+00 -4.630410798631365843e+00
6.283108054089050931e+00 5.969176281175508691e+00
-7.071510033632184999e+00 -5.639320130826090960e-01
-2.933671442507665983e+00 5.808693777149008142e+00
7.642857154554888233e+00 1.576673991234304184e+00
2.363062056728354676e+00 -4.865878172599377827e+00
-7.269502265755026116e+00 3.805259092953740652e+00
-3.956277257959063043e+00 -2.354814179637468641e+00
-6.687247643301583722e+00 6.143470764195957834e+00
7.108154310934477138e+00 4.604831011099134841e+00
-5.839474752357253884e+00 6.754023601629374873e+00
-5.201735714126897392e+00 -8.075280078161846120e+00
-1.838093707347208117e+00 -2.989406036442419534e+00
5.256473461875683206e+00 -8.097424503508250382e+00
-6.570023923072479732e+00 -3.060724619023213577e+00
-3.630153588719215119e+00 -8.337656580150623054e-01
-2.299106494965529102e+00 4.946944533533982558e+00
-1.448414467017387630e-01 1.839342797232549120e+00
-1.033834096052584028e+00 -4.910418012594564452e+00
1.066024964762235516e+00 -2.706023032150828733e+00
-5.304866440821312423e+00 -5.178567908420589561e+00
-4.132472956678677534e+00 6.222970403606597145e+00
4.697519081275190800e+00 7.042541983558336938e+00
-1.091710416215264656e+00 -6.186959566606113903e+00
3.036031769698187333e+00 4.009103163072228249e+00
3.341302236303659079e+00 2.746927225457185706e+00
3.396194236068976191e-01 3.021545637855498345e-01
4.075060083554927992e+00 -2.064318055757752568e-01
3.449815173929726697e+00 -2.101454466231067464e+00
-1.555420551576166543e+00 -1.031034204036727742e+00
