2.674081678133455320e+00 7.050987158077109740e+00
1.290021524621567650e+01 1.378612456212341009e+01
7.847620460225700256e+00 -6.199090118186507681e+00
-1.494496111119267390e+01 4.232778485055229467e+00
9.114189287252363769e+00 1.227892099022686878e+01
9.342778768024403435e-01 -1.506850677849344855e+01
-3.481483508078334066e-01 -1.006582624724729058e+01
-3.294192680934466821e-01 4.798206721397055396e+00
-1.161108655936433642e+01 9.927601313245446590e+00
7.375914193851638601e+00 1.620676202175006297e+00
9.924106499859664865e+00 8.462985376375920410e+00
-3.819485158828212601e+00 1.066842373700952606e+01
-7.523380751200985372e+00 -1.038367716178007960e+01
7.231798800853255216e+00 1.275981806182645961e+01
6.223747445647236809e+00 5.532632036806115927e+00
-1.477470113160344489e+01 -1.302561916682310184e+01
-8.767552129533157768e+00 6.786555400444528985e+00
6.591026195723361347e+00 1.467791463400216223e+01
-6.820957366135553812e-01 -8.065407713915707433e+00
-5.789456875455736284e-01 6.755063777813719028e+00
1.570787389279954382e+01 -1.366652924147901338e+01
7.270298915558910835e+00 4.963014833808859549e+00
-4.140830342664922892e-01 -6.823483119648167339e+00
9.889678863091651451e+00 -1.409617658853850486e+01
1.538087810295066404e+01 6.752104384262512582e+00
1.384504421085076054e+01 1.089685721960206521e+01
1.427366685198467522e+01 1.521546147811416994e+01
-6.159952052249782817e+00 -7.173648230556763927e-01
9.749680320724486648e+00 -3.021416108287939384e+00
-4.686168669103309092e+00 -1.416058299164815182e+00
7.050172190528718019e+00 -9.959646643068193583e+00
1.475900255330939892e+01 1.319604484086282348e+01
1.898556345800385792e+00 1.283406884508047696e+01
1.141564985222357542e+01 4.554477280474344525e+00
2.176696212997488722e+00 -1.255976802529077219e+01
-1.180259736053414343e+01 6.288331060211373114e+00
9.223354199101184703e-01 -5.065712097413957338e+00
-3.614228451160239608e-01 -3.204107822580297138e-01
6.866973101271303115e-01 5.436388939046846502e+00
-9.810617647513296902e+00 -4.676497516477920335e+00
3.503302611039731396e+00 -4.287953909373900530e+00
5.676806952203959256e+00 -1.518666858564808386e+01
5.717761105161547341e+00 7.419894390919275828e+00
2.093302193391538557e-01 -1.429901647109949536e+01
-9.669522555738650382e+00 -5.934097769454942828e+00
8.549278269867112812e+00 1.312435363716169334e+01
-3.174167091604573332e-01 -5.539657287599902169e+00
8.531875802755161331e+00 1.454265913467093263e+01
-5.271466220246449730e+00 -5.322478115890827866e+00
8.978293104379168055e-01 1.494966074344253038e+01
1.484877841222338724e+01 5.254834623024916773e+00
1.248401082496104042e+00 -1.001490332757520996e+01
5.378943803284417235e+00 -9.689700145984909696e+00
1.354023168097548968e+01 -2.414907133200262290e+00
9.084791117440338404e-01 1.334301687644111922e+01
4.901254422176515746e+00 -5.165168600635793084e+00
1.773832716375491447e+00 1.421435739103551477e+01
7.042511435640017581e-01 -2.182554091187315137e+00
9.634716080325160803e+00 1.568922990842565035e+01
5.230576120174503352e+00 1.406837340536081626e+01
2.030168365745702364e+00 -1.092507602939848255e+01
9.840655184687047807e+00 -1.313182930235095469e+00
1.295437111747604497e+01 1.533045306037913491e+01
-1.400279420169265343e+01 1.463659370675343041e+01
1.287065870027308812e+01 -4.023692158046318745e+00
-6.928069172784916852e+00 -1.727589773235137516e+00
1.224619248980690678e+01 -9.716228834407235837e+00
4.488239599913462108e+00 -2.049593422626780459e+00
1.275257058421946432e+01 6.964708608673811696e+00
9.817662233636731628e+00 -8.184484722717543903e+00
-1.166240775765717608e+01 2.761208810380211265e-02
1.478296922767733257e+01 -9.861200962966206518e+00
-2.760061387726640447e+00 1.574766047106434419e+00
-4.176241161871873331e+00 -5.333008186264513562e+00
-1.495693799078159358e+01 5.888120660786554161e+00
8.963510595635536760e+00 -2.265715775972181323e+00
-2.495773231548189308e+00 1.440613577617684449e+01
-1.931178245045889863e+00 -1.170432272069555424e+01
1.580757575667116166e+00 6.567141227592115271e+00
-9.290612918165855660e+00 8.606856925123993918e+00
7.184493926134507547e-01 2.460257972983975083e+00
6.522576658106427949e+00 -3.477681968946817470e+00
-9.873620636062693023e+00 1.325815926451145366e+01
-9.392391515887846154e+00 1.448487193814414731e+01
3.553280746262609036e+00 -1.073477515030352869e+01
8.296326144487983001e+00 -5.266345014400021896e+00
-6.326971493273476632e+00 4.507980090656523942e+00
1.389646177465245458e+01 7.235985221624891217e+00
-1.546909916859238265e+01 1.125125698090405280e+01
5.890493505801475571e+00 -4.419901266052605138e+00
-1.004897003971710490e+01 -1.035503029496747018e+01
3.053698469124343617e+00 8.651305494090417714e-01
4.605603642794155128e+00 1.571808078357994454e+01
-6.809861770178119222e+00 2.065915880496141721e+00
-2.854449127235632933e+00 -3.203035961368870810e-01
-6.664451528442655537e+00 1.476585044969841221e+01
-1.137449117801920906e+01 1.093267306236027991e+01
1.476645744474110522e+01 -1.388366297043263131e+01
-1.540145380281508558e+01 -9.748561362386054086e+00
1.317363916725432205e+01 -7.505211084472318106e+00
