7.400502595182929078e+00 1.214213916719468767e-01
-4.511199563255882339e+00 -3.892977061164625940e+00
-6.191523944537896895e+00 6.147572172651941003e+00
-4.298616611867281279e+00 1.313765964676510745e+00
6.300584126267283480e+00 4.666198065450281596e-01
1.294980279692856007e+00 1.871733465901887161e+00
-6.701664785769968269e+00 -6.522422647276044927e-01
-7.185808839958573557e+00 3.828996777181715494e+00
1.791514079272405802e+00 -4.515146445762399985e+00
2.811577499117718038e+00 -5.721063538710520646e+00
-6.055473304802998058e+00 8.662690098548568585e-02
-2.972431733819447253e+00 5.330340074528267635e+00
-6.635078662003246919e+00 -7.136705059569014686e+00
-1.104518827168241124e+00 7.563591214070443380e-02
-6.483925999774454496e+00 -4.533530461776821063e+00
-7.257792585334990054e-01 -7.178716128787162809e+00
1.757706405054392462e+00 3.923983759578402175e+00
2.945638235303925434e+00 -1.005066508659249180e+00
-2.081254521435165206e+00 4.494870976376423855e+00
4.625833417211339338e+00 6.360994190221756384e+00
3.915084639099855934e+00 -6.230843948022680046e+00
-4.252479874052610853e+00 6.595060892514784889e+00
-5.359021897120916922e-01 4.685352111825185517e+00
5.668953513413812040e+00 1.176808364914814886e+00
-1.640763757503655995e+00 -5.835479774061898439e+00
5.092873991007484058e+00 -3.137435641116809837e+00
7.098054609829947736e+00 -9.764059997103716748e-01
2.594570063644399571e+00 -6.719406333111813900e+00
3.576298648952824233e-01 4.184770508957800672e+00
7.292297276135155215e+00 -5.231177082303409165e+00
6.390705254702227833e+00 6.301101578104222334e+00
6.731710225143597626e+00 5.164718922262769851e+00
-7.084368558146863393e+00 -2.019842815143889858e+00
2.642392919058857148e-02 -4.456911037328329606e+00
5.747285798825096492e+00 -5.382759806680835979e+00
-4.755870365088265217e+00 -2.427309170158772567e+00
-5.850147466878206970e+00 7.183048092345700297e+00
7.866120951524564475e-01 -5.452495512896995855e+00
6.740807737814458633e+00 3.343923822942599600e+00
-5.886108737914594435e+00 2.897147737816723634e+00
5.126644380276221824e+00 6.023958949966422977e-02
3.562933340023308304e+00 1.414854598768803706e+00
-7.208341558150890283e-01 -5.611183813735945769e+00
-2.291226698323181932e+00 -3.688226475867933285e+00
3.903883116885027871e+00 -2.830229997168121070e+00
-4.685671810187535868e+00 -6.361223064472651956e+00
1.201403342507633365e+00 -1.426922569852666633e+00
-7.419143865750864819e+00 -6.468856669026560979e+00
-6.543770609170197261e+00 5.155352034893339486e+00
-5.541006279504895105e+00 1.191832001220828108e+00
-3.280278669296835758e+00 -6.458789484849102536e+00
-2.983884591118982854e+00 6.436336090788735476e+00
-1.573286986131888332e+00 1.865682003310070058e+00
3.989087813422703910e+00 -7.302348920643955132e+00
3.902831742225605804e+00 -4.615195438502420977e+00
4.722693289084186397e+00 -5.475350481895651100e+00
6.954077584223801622e+00 -4.169998059663501344e+00
6.854471779008918908e+00 -2.264464831615273344e+00
2.222320130233096602e+00 1.149685365103988222e+00
5.020817813675146013e+00 -6.475812035971237890e+00
3.021714720168366952e+00 7.087141410543673636e+00
5.344363143525784343e-01 -5.622147074538885736e-01
-5.428355990928387165e+00 -1.652913655519592684e+00
-3.564889223864069923e+00 -2.228095990505896129e+00
3.498528309736294029e-01 2.485320429893589367e+00
-3.873197442268980772e-01 1.183061130321947152e+00
2.931836152961289077e+00 2.072747036782047303e+00
1.633477015080436745e+00 -3.424249209013143780e+00
3.142625787066333221e+00 -3.928587810918732437e+00
1.530752953166482078e+00 -3.215721025523529120e-01
-1.901719483747834616e+00 6.009228289144429525e+00
2.112662897675647855e+00 -2.009433607990190218e+00
-1.627595468367684761e+00 7.207192219873629568e+00
-3.140003751913300611e+00 -9.968811619756878795e-01
-1.208754898272709433e+00 3.407805748880922803e+00
3.966320834769231918e-01 -6.336995411855232518e+00
4.593032085084844951e+00 9.009018743939869456e-01
5.886839160529373505e-01 7.260360551677099927e+00
-6.576968026487500119e+00 2.116976841648800622e+00
-4.211331949944607800e+00 4.494897748531631265e+00
5.343415109308832456e+00 5.173124192846774605e+00
8.908716889041987663e-01 3.353016234146577901e+00
5.937848921001802616e+00 -6.379654216526250421e-01
-7.247738881199821570e+00 -3.017389258007881381e+00
-5.210286698155676355e+00 4.931449646893558914e+00
-7.428964040887284348e+00 5.979754289839324777e+00
8.299536205727385818e-01 -2.688952136950819138e+00
-7.135775396815879912e-02 -1.631944758261896444e+00
6.537273534595962055e+00 7.221595900890854125e+00
-2.815583215708643561e+00 2.394934427781962416e+00
7.252906120983021232e+00 2.328326213366151531e+00
-1.916706696846221192e+00 -2.452117048763429175e+00
-5.659723656896052724e+00 -6.742742202196730261e+00
-4.005688074085637318e+00 2.889616357556639148e+00
-3.126381171737911302e+00 4.276692659519855333e+00
2.095592539910839935e+00 2.954647921090799656e+00
-1.423890437257574693e+00 -4.726818467779978050e+00
2.657926976464355384e+00 5.077844665987989892e+00
-9.212088330511148948e-01 -2.149890520380246528e+00
-2.323240172671914294e+00 -2.789517050506858942e-01
