-7.829982640059274246e+00 6.316875684084847897e+00
-2.755485973179971904e+00 2.993909758864916060e-01
5.818686594022555170e+00 -1.716797430298581562e+00
-2.642079764494912997e+00 3.821958908240142616e+00
7.430282184546054935e+00 -8.428413109501221356e+00
1.396728310628555292e+00 -6.079587502301569302e+00
-6.554264961479395524e+00 1.965738132850423314e+00
7.379099373755672708e+00 -4.384704110598477200e+00
-8.258923621104523605e+00 -1.218137890531957979e+00
-2.576667485904519328e+00 7.302364924672302138e+00
-3.268543400751409145e-01 -4.544129881932911452e+00
-5.409462358322616460e+00 -2.261085571493530733e+00
-4.328766087369245064e+00 -9.116191903152014442e-01
-2.171202403046324392e+00 -5.555728558903915371e+00
4.422802358831370739e+00 1.279123394785451895e+00
-6.525901813396044915e+00 -6.922585782553533740e+00
-1.011583252495541263e+00 -3.793017386484872411e+00
7.637562389427358100e-01 -4.032378806212237876e+00
-1.555506459314358880e-01 4.683977609443482626e-01
-4.937489867335854932e+00 8.111648617880467427e+00
6.536171951643164668e+00 -3.949040530471271904e+00
1.160377615208630253e+00 -7.048151893839231796e-01
3.133456256232702852e+00 7.729717280239134070e+00
2.184307510100714111e+00 6.088464620793597071e+00
-1.383820815370188528e+00 -2.767777905811814598e+00
8.404968421631489051e+00 -4.519471198384703570e+00
7.507643912051769064e+00 1.241619597047712853e+00
8.264779526862728432e+00 2.338882734530201901e+00
5.663422023828481144e+00 -2.048876684053138608e-01
-4.526907620328736392e+00 1.912781227687244234e+00
2.548956683104916521e-01 -6.973476295541980896e+00
-1.262118616250962999e+00 2.269469057962084868e+00
-6.035666488961004994e+00 7.217764583179270055e+00
5.894505425762627482e+00 -6.125580812509156203e+00
2.975487945020472980e-01 4.570246404953268282e+00
2.980359404384858468e+00 6.656870766282153795e+00
6.267544262586457471e+00 5.557888374002597942e+00
-6.029445351028586586e+00 1.066029035366820699e+00
2.753879323758329445e+00 -2.823791805232425123e+00
-1.632626775986003587e+00 5.252532728692020925e-01
-3.125566834813428230e+00 -5.599247607721916431e+00
6.615204866345636425e+00 7.681445863807842223e+00
3.851613775925641026e+00 -4.083043461608991898e+00
1.977825296486175111e+00 2.045534262994557206e+00
-8.013715611370203717e+00 4.239216282653125667e+00
7.962016400404666072e+00 5.023655864396644688e+00
-7.339283776526070113e+00 -5.078196346149709939e+00
6.234415929813069468e+00 3.446112937885539296e+00
-1.626499769620369129e+00 -1.226631700542730075e+00
-2.188375618782152920e-01 1.947522648658865707e+00
-7.389401761091408893e+00 -3.042010842077949029e+00
8.013368505226772243e+00 6.083434380825347709e+00
5.543822327033944397e+00 8.179667295057756249e+00
4.102092506256544979e+00 -1.965452288181138707e+00
2.768157454518253235e+00 -5.995831250520367917e+00
-2.050556840701183159e+00 -8.314465839417232829e+00
-3.812225954807805905e+00 -7.030285916477130748e+00
4.196878181795859142e+00 4.695844527575814276e+00
2.611235164661811936e+00 4.142642797790426989e+00
8.299329117313433146e-01 1.608996195164086096e+00
-6.485242739378050736e+00 -2.691328134797202676e+00
-5.839508249431618836e+00 -4.966933368882633371e-01
-2.347140965641643096e+00 -7.099368441027641197e+00
-7.729940543308507550e+00 1.967990163262491654e+00
-6.865331721264970710e+00 -8.097155963913781562e+00
2.881469897755667642e+00 1.336555804291028604e+00
4.847023438151211394e+00 -5.159324070955157993e+00
-5.458785439398320172e+00 -7.115992494716596894e+00
3.286176267612747282e+00 2.209893225267929751e+00
5.782885082157606327e+00 4.582821672168231331e+00
3.736816947892255936e+00 3.682301767499785772e+00
1.847307285246586606e+00 -4.822285503761664316e+00
4.638799257154794908e+00 2.408249210653113703e+00
4.183173665368596694e+00 -7.504296672645873745e-01
-4.116700970030998441e+00 -2.841579165925208095e+00
-8.445972271956898592e-01 -6.481463319634866771e+00
-5.274956674501077636e+00 6.130928666481370470e+00
-2.529415868647180599e+00 2.626496166635084784e+00
8.451120767346903762e+00 -3.291417366817283696e+00
-4.570194402767155495e+00 -5.926214320160921645e+00
5.169420616310490324e+00 -3.723308579305860455e+00
2.560311482190524401e+00 3.065772910054550771e+00
-5.764757164399560097e+00 -6.083821960713718724e+00
1.828518302688619368e+00 -3.249270913935984328e+00
-6.789624433427587036e+00 3.573858252286603587e-01
2.062042904685941203e-01 -5.619572462656501344e+00
2.718485489882376260e+00 -1.818952596683037548e+00
6.967860103720822096e+00 -4.317846885144298597e-01
-1.350187675484054717e+00 6.121592437153327459e+00
-3.998656521087551319e-01 3.076999040910953553e+00
5.188674729089441051e+00 -2.493493908407034443e+00
-2.906247955761632196e-01 -2.195567650186319941e+00
1.840567221322901625e+00 -7.467953957729007719e+00
-8.203510906469022146e+00 -7.564387274185153665e+00
3.805231313713159480e+00 5.812258458080248325e+00
1.893236378181936574e+00 6.135577075957204807e-02
4.458561118997065975e+00 7.934288687980417976e+00
-2.728016219407041199e+00 -2.260627726780343849e+00
-7.842096811443300730e+00 -6.068276860026363906e+00
4.160325372785092513e-01 8.416335411393921717e+00
