-5.670260552275120602e+00 -5.919227295061797456e+00
7.081188865668640808e+00 -2.467415907979396028e+00
1.343434078330075332e+00 -3.011908304983726747e+00
2.893614568867428072e-02 -4.667641830407760928e+00
-6.755499659431418280e+00 6.305406836813570060e+00
-5.197269316116046589e+00 9.061750789966858122e+00
2.009542586884997206e+00 -8.848672866257274450e-01
-7.438502123825661450e+00 2.523330944026406231e-01
5.862589640941249236e+00 8.502868592222588617e+00
5.154376741666755635e+00 5.163366032466966793e+00
-6.951245639714332292e+00 -7.984185301974419779e+00
-2.783949923223813183e+00 -1.822227062322830715e+00
8.812220999689461820e+00 8.828888477688700220e+00
-4.441919790720531225e+00 -5.751180060492681712e+00
5.334135272770870628e+00 2.359357810081169848e+00
-1.668794351500381357e+00 -6.917539518298945644e+00
4.442239986449989964e+00 -2.187592010386878005e+00
5.656247242847387113e+00 -6.848138401200809078e+00
-5.245077349897505847e+00 -7.440004076732503080e+00
-2.979219069947514953e+00 2.063879687978928512e+00
-6.022104975635516944e+00 7.196119399651289328e+00
-5.000077347962634811e+00 3.834447454353907769e+00
-2.543983666148689426e+00 -3.784563633775709923e-01
-1.085794768590814918e+00 4.599697085500747740e+00
-3.813180401580560819e+00 -2.330125231957631105e+00
-6.579253123428667749e-01 7.213995647249300980e+00
-6.217881147758969718e+00 -8.833459068465073116e+00
-8.507088083912851317e+00 -2.248393256211781654e+00
8.272911072651371711e+00 -5.151471366008403052e+00
-2.344971263381176119e+00 -4.363761617864638787e+00
1.905954651556728052e+00 2.026786515804873401e-01
9.035644538460294584e-01 -1.490857453192093063e+00
1.300260525894475716e+00 4.521779850397352085e+00
-8.018936080629348595e+00 -5.117809706302372419e+00
-3.300546611716633549e+00 -3.398690957549282743e+00
-5.955148732314614612e+00 -1.872615201407553220e+00
1.328546698646464908e+00 -6.842315699295841824e+00
-4.527479450897008206e+00 7.577416570644209592e+00
-4.515906165535130690e+00 -4.119698811748782497e+00
-2.079423081859059330e+00 -2.867536598315850505e+00
-8.615199503105275269e+00 -8.378090676668191961e+00
3.489391565674092588e-01 1.635854182245572996e+00
6.502690038138027262e+00 2.355756650628133997e+00
7.338418087337200468e+00 3.210629701023666183e+00
6.510886610494972082e+00 -1.622286134929998846e+00
2.554076893333564691e+00 -7.934640970520827175e+00
-4.629804170861433477e+00 -5.600851785985831999e-01
4.749876077538749186e+00 -5.506104235140111491e+00
-5.946472131169514341e+00 1.839051951179546673e+00
-2.263003211416362070e+00 3.799367764630570132e+00
8.880838776330249318e-02 -6.829677502242324394e+00
8.392708300824276435e+00 -6.298142290068020621e+00
8.726262888511779892e+00 5.371549340510810566e-01
-1.196433979655071589e+00 -3.609286936770415899e+00
2.315402368005829548e+00 3.080607277699606072e+00
-3.350155499751404253e+00 5.977952568072320894e+00
1.207691645218096133e+00 -5.241879996580581569e+00
7.934600098070117902e+00 -8.055900155828748410e+00
3.533808342302548144e+00 -2.495598933704216815e+00
8.066347979690804415e-01 -8.473170124079167920e+00
-2.557920342451624585e+00 7.906720761194659941e-01
-5.908127740599539379e+00 8.196192457051365565e+00
-3.806324538640859512e-01 -2.079541576968504946e-02
2.421461936796074910e-01 8.551193395506700767e+00
-7.699053009418001636e+00 5.143110719341062342e+00
2.237396476414681423e+00 4.043422047085211801e+00
3.914874220510425662e+00 2.609170400602756956e+00
1.811930115043017597e+00 1.968576450611165374e+00
1.004085885019315061e+00 2.754890713078666398e+00
6.833317484956507926e+00 6.613953643051816655e+00
3.363460646243291663e+00 3.761071045701108062e+00
-1.532902561908781491e+00 -1.773930207882053134e+00
4.897743802778205868e+00 -1.279277038898113172e+00
-7.054030181613139661e+00 -6.789063150709689687e+00
-6.760659525007350013e+00 -6.321980987159321330e-01
-8.277164433996478721e+00 -4.430201790681956298e-01
5.540845046443794608e+00 -7.985243787502901647e+00
6.653068453522587022e-01 5.832783239457240976e-01
-3.178216327460807289e+00 -5.675127440109360322e+00
6.337205382274225585e+00 3.759397734320423012e+00
7.198085303707274285e+00 -9.018027310233277305e+00
-3.344682900365876232e+00 -7.456832420859472954e+00
-6.012926408846146487e+00 6.503157579567163671e-01
-3.718466887077213290e+00 3.412130679910844178e-01
7.347705175588820303e+00 5.776395755827876677e-01
7.110640169277515632e+00 -4.212456665419526125e+00
-1.911262391479194633e+00 6.163840734123404275e+00
-8.218355042349180906e+00 8.739651869676889007e+00
2.464103605952155718e+00 5.578298757077508441e+00
-8.432962411454038298e-02 -2.767834096433446245e+00
-9.087640992921265592e+00 -3.219190401852539463e+00
4.037891087820855596e+00 -3.698053086796103450e+00
-5.467802450660730784e+00 5.925169015618811486e+00
-7.955342159185433637e+00 2.541318266769814205e+00
4.380610960309269331e+00 -7.299624661540131676e+00
-6.064971210427461124e-01 3.301180593309075650e+00
8.571293171162212232e+00 1.810874672772737615e+00
1.828221889777190468e+00 7.799723107991102466e+00
-4.419286037922842247e+00 6.101074895838033640e+00
3.994024844312809464e+00 5.828565726032961081e+00
