6.605406869670625625e+00 9.128927587479591210e+00
8.456928590817105018e+00 -4.925679443567114735e-01
-3.438749504290572023e+00 -8.734791116852678172e+00
4.469432010708128900e+00 -6.052956218356124296e+00
9.977296728141306303e+00 9.249691797954218586e+00
-7.952969392996605436e+00 1.718074152075437011e+00
6.523520035457559096e+00 -1.190639259270555028e+00
-6.221343841178172518e+00 -8.668331302816577377e+00
-9.343214515511766294e+00 -4.483199527757913971e-01
8.043927043242936392e+00 -7.672066775031338715e+00
7.378845234523400798e+00 4.489400263020752568e+00
-7.647673794797225533e+00 -8.054199094590112296e+00
6.797523341904134320e+00 -2.477589247083046953e+00
7.118826279223788411e+00 7.132471569643093368e+00
-1.750376394442173300e+00 -8.498313889067677707e+00
9.501100756228129995e+00 -1.660347878216200224e+00
2.136956831586396266e+00 -9.062925744578976150e+00
-7.524166558724948217e+00 8.495959497739537625e+00
-6.744375819835432218e+00 2.152513595884528286e+00
2.194910536893395214e+00 -7.446062661526962501e+00
8.054641956592449858e+00 -2.470612460280136258e+00
7.783602153134212109e+00 2.206901857064205164e+00
1.045070903508706017e+00 3.848965182974934063e+00
5.956017805744350468e+00 -9.996856881406980477e+00
7.397127311786322323e+00 5.956102137696408505e+00
1.087924086977051452e+00 -2.909962753267945956e+00
3.917165822603475567e-01 -6.488439876284066266e+00
7.461629831496144893e-01 5.374266214207583381e-02
-7.844195785587079861e+00 -4.934460608952215388e+00
7.932421426449390189e+00 -9.460181982548178325e+00
-3.099526882130388294e+00 -1.511456781903461444e+00
-5.299176870294580510e+00 -8.914141779025658963e+00
-7.818772541921636954e-02 -1.057816589350480063e+00
5.341913317465297739e-01 9.816462882830080394e-01
-6.071607689921749706e-01 5.451186447535023127e+00
-3.071438142043406705e-01 -9.047948958602477276e+00
5.359389625418205405e+00 -5.040757590380784414e+00
2.878564276638523545e+00 4.654210452529621844e-01
-5.441437076522795735e+00 7.969748736778312637e-01
7.548558874553775055e+00 8.347547890019495043e+00
4.827461314898822131e+00 -7.134673367411045852e+00
1.361934486790069565e+00 5.212935554277589034e+00
5.027338004171290287e+00 -1.939800126386970636e+00
-8.585712388398535566e+00 -5.858117026936791483e+00
2.223978369252304521e+00 -1.505560152895451198e+00
-4.338289989801026536e+00 9.843536337519458002e+00
4.018462370297347874e+00 -5.136797491281210881e+00
9.769677035662700515e-01 -4.797334069595824424e+00
-5.302991660621413139e+00 -5.625941003093243964e+00
-8.966156205455357853e-01 4.360543974340117757e+00
5.137451519412677747e+00 6.133917863252538183e+00
3.039817977688676010e+00 -9.794624001256936552e+00
9.862380415120401977e+00 -5.484258628879425501e+00
6.108136379749025124e+00 -6.096785334966700276e+00
-1.346028215941064143e-02 3.158763699998508923e+00
5.516490237840196542e+00 -8.374534811710043769e+00
1.384262618391562283e+00 -8.279419951286349777e-01
-3.147115018615723514e+00 4.353092609050502659e+00
-1.090423897289352961e+00 6.662563791822893933e+00
9.751373243604172458e+00 -3.269152139777610877e+00
8.522405547332121856e+00 9.702175826391071567e+00
-4.015595246835729881e+00 -4.934074542752621362e+00
-7.823541933109550151e+00 -2.467679026700198452e+00
-1.496683136500548184e+00 9.374205256586993329e+00
9.069927446679877381e-01 6.479715797134141475e+00
6.655049018749497947e+00 1.750175177082982092e+00
-3.205026867573688154e+00 -7.745953795985394130e+00
3.809439574027891684e+00 -3.628811790385253921e+00
9.931089060992116302e+00 -8.328364337590448585e+00
-1.214210980145427277e+00 7.847128841627454499e+00
9.912092342251547450e+00 4.571474572544299342e+00
-9.151422408702162059e+00 -1.688968006765462215e+00
8.527032389714753080e+00 -8.542377126891020467e+00
-3.857750157273255098e+00 5.643060342912180616e+00
9.690637810251336859e+00 5.968583023940428056e-01
-3.188524262903776219e+00 9.422454015480269618e+00
-8.114387779984905125e-02 -7.517452458267828597e+00
-9.334075226058743624e+00 -9.654804810517587654e+00
-1.398700119167126665e+00 -6.352751863303990554e+00
3.885656786678775454e+00 -1.375605083885015789e+00
-4.423773072340590140e+00 4.709367265527794721e+00
3.328198720792046483e+00 3.773369402845617948e+00
-1.272019536109232352e+00 3.128915280018875755e+00
-6.559869586587133483e+00 -4.963514613856925273e+00
2.956004671764665748e+00 8.856140906578746197e+00
-1.201297395588545314e+00 -5.269326667773110984e+00
-3.600516242802346500e+00 -1.056706552954020661e-01
-8.240498989768077820e+00 -1.168364657285895891e+00
5.355095977165615917e-01 2.103006757595760945e+00
8.353543158847657191e-01 8.413164117809822429e+00
6.401293346121344818e+00 5.872020867383170639e+00
5.850196433854022438e+00 7.392781753709696702e+00
5.470379350193044665e+00 1.497013274240979186e+00
-9.130832071522625881e+00 1.887571389467204153e+00
-8.965152942308096229e+00 7.058375917400696586e+00
-1.604393494771410855e-01 -5.390810168876642550e+00
-7.232329563176822518e+00 4.415961826995688178e+00
1.727655560360731313e+00 9.187723862706608458e+00
4.256220436946474561e-01 9.476362277204131601e+00
9.394592168218975914e+00 1.809647322786962276e+00
