-4.199221078825674525e+00 -1.170640844082483056e+01
-5.240305745594603160e+00 -7.458872968077135956e-01
6.166812044973925211e+00 -9.651805253790428196e+00
4.219500997966017408e+00 7.804146676333150623e+00
1.157189907854938998e-01 5.791709263675470787e+00
-1.274837557569548174e+01 6.874642623053945023e+00
-9.803465061718343421e+00 -9.443272849536871405e+00
-1.128615475356080466e+01 4.960595717718369713e+00
-7.361344848968269794e+00 1.562755540784064312e+00
-7.363562456704666026e+00 -9.154851472298018322e+00
-1.206398287791150992e+01 1.242086723500856493e+01
1.114759473484128272e+01 4.557530418195591793e+00
2.406289332300320938e-02 -1.041107467146770027e+01
-7.493341346464115205e+00 4.507518754615377432e+00
1.257730567193493165e+01 -8.124365140076591274e+00
-6.492745547838625342e+00 -2.294699338251517950e+00
-5.567997559855133005e+00 -5.286224115551282132e+00
-5.055703321103321990e+00 4.115586565273231301e+00
3.927014559095967083e+00 -4.220242165088363251e+00
1.430740473036712590e+00 -8.294366364411940751e+00
-6.549802688914061477e+00 -1.139039467835744013e+01
-5.314800821101180794e+00 -1.043222572976107543e+01
-9.483651333286118756e+00 -3.686151101629847826e+00
-2.640721633253011014e+00 1.052052572113521833e+01
9.790288250603550679e+00 1.694938249415300469e+00
1.032305295917587129e+00 -9.258364061433008274e+00
7.368452097637327114e+00 -8.292442644156887255e+00
-7.150577129100113005e+00 9.023323972916170277e+00
-9.620800932167171027e+00 -1.240909487699310532e+01
1.874337646434835136e+00 -5.069785105046765494e+00
5.125047231223136102e+00 6.827698946810608405e+00
-7.544057531432398989e+00 -5.168566087488666305e+00
1.219578304423863990e+01 4.042043041622053190e-01
-2.395716062412821312e+00 5.563727990869677953e+00
3.649575919458553308e+00 -9.304170697828385572e-01
4.809441662847962817e+00 -6.692759732844287157e+00
9.545480008120030391e+00 -1.093728601235713072e+01
3.016573343278333708e-01 -7.852287973934655163e+00
-1.031719333505708747e+01 1.059490326259713555e+01
-4.265103445228102252e-01 7.571990597804215462e+00
-7.816118422487306816e+00 7.870551860918651776e+00
4.869992144579541105e+00 9.553735414663059089e+00
-1.157703389275089556e+01 6.635031218834773092e+00
1.014320017503468740e+01 2.675823353143311323e+00
3.840627332575214936e-01 -2.687959414997505903e+00
-6.646148919314126324e+00 -1.023615023235158716e+01
6.975118001937297585e+00 1.160373329958087041e+01
-8.011994573087816818e+00 -4.044470627887022829e+00
1.202731618672138048e+01 6.312151868265226895e+00
7.516818363859329999e+00 -5.196949774536395950e+00
-6.523833085473247806e+00 7.373242404378947956e-01
3.554807769124225469e+00 -9.510903542300544800e+00
2.985338292239425595e+00 -1.077367075363402904e+01
1.188039564596291697e+01 -8.026256357665553232e-01
2.097857717546419920e+00 2.970444441532531510e-01
-1.223165733646611741e+01 -9.028139736404899196e+00
-9.227776185519548591e+00 -4.946421512893380168e+00
4.415263658824075677e+00 -5.784483376292689272e+00
1.174215829050729631e+01 -1.084512062145358513e+01
1.083661025948089440e+00 3.055304018437796199e+00
2.274168423768262226e+00 -6.336504055675040270e+00
-1.120586536794041743e+00 1.637113259186646186e+00
-3.503545852570741026e+00 2.962383773164156242e+00
7.720260213089277457e+00 -1.095977612301278015e+01
-7.230772645467999027e+00 1.005612339504300579e+01
-1.845412931713869664e+00 4.294962867452190025e+00
-7.796128970428600091e+00 1.981635119123065225e-01
-7.260208138708324377e+00 -1.524378010515031523e+00
-3.452244837223099161e+00 -3.612796682495790002e+00
-1.242695156147946101e+01 2.375053222794129670e+00
-4.440024872098008224e+00 -5.753177318926399941e+00
1.048531412472203783e+01 9.343534235236825580e+00
-1.210162754683172581e+00 -1.210116939997853081e+01
1.167012802513947456e+00 -1.021219285715819147e+01
-8.595814488916975193e+00 8.827433966770884766e+00
5.937199682009954849e+00 2.748002810268847629e+00
-1.114301044555952247e+00 5.161031702114269315e+00
9.883053013343086945e+00 2.538288425504056089e-01
6.796037511864448710e+00 3.692971288818745812e+00
4.759282551481461176e+00 -8.111431207869683746e+00
1.009726524565846972e+01 8.309978785694603687e+00
2.861676212676900755e-01 4.617752649266400944e+00
-6.476994314071339964e+00 -4.860998868649464733e+00
-1.122559133243162499e+01 7.982934430655187263e+00
6.649741136110113970e+00 1.031839401749350316e+01
-2.646351666517558154e+00 -5.881131083460154230e+00
-6.593779248932984949e-01 -8.670590389072732052e+00
-5.681317375834600281e-01 9.699386078082174123e+00
4.047810522843101055e-03 1.157388184197630210e+01
-8.330211467821955651e+00 -1.263292075723522068e+01
8.218816411870044192e+00 -4.151747313605209655e+00
5.709246323824170410e+00 7.989897708072403404e+00
1.336112987516702599e+00 7.374750533995899637e+00
1.144098056436079425e+00 5.476563619464321242e+00
-9.247038803311312449e+00 1.018006407545132141e+01
4.972396895594999755e+00 -3.639360532655851799e+00
1.009566272787267494e+01 4.445984859882441853e+00
-1.254092876472604035e+00 -6.516354469827579265e+00
-1.201267987425458372e+01 -1.173354975608360817e+01
1.217172473011341083e+01 -9.662438101285081515e+00
