4.305255983649051821e+00 8.451366977794148028e-01
4.530980869288087298e+00 3.529762387128402512e+00
-7.080364263553977189e+00 -6.396487697586948684e+00
1.217194268029178961e+00 -7.222720931952237855e+00
-4.774571514376430237e+00 6.601266219350944375e+00
-2.211604846118963685e+00 1.212912187571279610e+00
6.135360504030494155e+00 6.423811124794844396e+00
3.828804781626188536e+00 -2.131721488639276796e+00
-2.438279463220522025e+00 -4.734630164555521326e+00
-6.896587223292662827e-01 -2.196097576847784616e+00
3.178962947904711012e+00 -5.582142340467094677e+00
3.919186027087566693e-01 -6.446029512909313475e+00
6.549707048811700183e+00 5.537191617257418486e+00
1.828577451731239867e+00 4.703980662997793161e+00
-5.286788661877673157e+00 -4.816564543888167904e+00
3.258617557833717093e+00 3.324530491835948620e+00
-6.334711947827008416e+00 -1.564538897297711006e+00
2.383015241228869652e+00 2.033682818684813487e+00
4.542070981867817103e+00 -4.782446091675855437e-01
-9.125255639735013746e-01 5.438993633285607032e+00
-8.361397235312979515e-01 6.805235702669358844e+00
-6.336875434441146204e+00 -3.031495227854365204e+00
-1.132619562384436840e+00 -4.848337024491647718e+00
2.402820159894550667e+00 -3.902360993516988508e+00
-2.667925470003920996e+00 3.969707094013536608e+00
5.141545086160925315e+00 1.639292033515260538e+00
3.122348003675241124e+00 4.407572779284182118e+00
4.849575620315803803e+00 -3.499491148755421221e+00
-3.404039649112414523e+00 6.107170658447731881e+00
-4.144228302874047642e+00 1.784030538022262302e+00
6.194871207331656748e+00 1.623522324136914330e+00
3.328826202326998995e+00 -3.083339714110686636e+00
-2.221120648542956322e-01 -7.082037862844252629e-01
-3.220533052208821578e-01 -3.701138284382934351e+00
-1.615374765222826081e+00 3.319318460582108443e+00
8.500036042116434487e-01 -1.867742366563424072e+00
-5.190931079627941536e+00 -7.161636772036955811e+00
-4.061648385413834106e+00 -3.611431543508744624e-01
-7.352768545692147661e-01 4.387128262567122405e+00
1.613869522997584571e+00 -1.226418090007702633e+00
7.434640157984410358e+00 -4.496973931650477319e+00
-2.899814702461477101e+00 -6.778590510175261485e+00
-6.864352333595274303e+00 2.270064830373580644e+00
-2.975556830313592194e+00 -1.646994583710403581e-01
-6.027970171268250965e+00 3.091648750092015341e+00
-5.067237516387856466e+00 5.328847547144857089e-01
2.728832341639785497e+00 5.555882216056682310e+00
-2.462861437803583353e+00 6.825718189813922088e+00
-7.441143770699588877e+00 -2.213991177492704132e+00
-8.021732399397594193e-01 1.365314240120621414e-01
-3.561803297998597628e+00 7.307012837955736195e+00
6.479221855186803936e+00 -5.515116786014875316e+00
1.549174877016001872e+00 2.637815916528064797e+00
2.202908777746952929e+00 3.602799737645836498e+00
-3.394123754468433951e+00 1.135635399529072886e+00
-5.202972846062255741e+00 5.118326571940054137e+00
5.138294931709287638e+00 5.734925347564629128e+00
-3.027853769786422511e+00 2.089844143840799084e+00
-1.569833879760205164e+00 -9.646585095575587188e-01
-3.289909823031597291e+00 -1.262668890179661441e+00
-5.161025179216227166e+00 2.180239823901271023e+00
1.311962421476078111e+00 5.539042667897907890e+00
5.373363724961524923e+00 2.579835424972062530e+00
-6.277276198284267306e-01 -6.027379986631307140e+00
7.688756178367935901e-01 4.108274270502149328e+00
-4.316212143170645277e+00 3.203946050143659630e+00
5.996619091765728271e+00 -6.861708417969333063e+00
1.723129251566387188e+00 1.175895947217481030e+00
1.183318217689005580e+00 6.499790366451519752e+00
-2.049381065115539968e+00 -5.807371266494111950e+00
4.059745333221865593e+00 4.860358373420654132e+00
3.703069144737706209e-01 2.733234253696007698e+00
-2.107528181643917087e+00 -1.854622214511768119e+00
-4.293455170902428009e+00 -3.920101837012904156e+00
-5.322467126086291245e+00 -2.599396957179890943e+00
1.724693754914123689e+00 -4.641653828363398460e-02
-3.221161350596291939e+00 -3.728137029399465785e+00
-7.792368572963349893e-02 -5.230323624850544029e+00
-1.723639500164239058e+00 5.988350212856582644e+00
3.727492974908537260e+00 -4.485695607767964610e+00
-3.280997720292259778e+00 -2.576381853771800845e+00
1.345490251412487348e+00 -4.265256036904330195e+00
2.648797910848555315e+00 -1.376687206918777218e+00
1.728073863383610798e+00 -2.728808522633265454e+00
-3.898555768923364973e+00 -5.064449686824729291e+00
4.969319341409531354e+00 -1.790362516575719543e+00
-7.023870130716183269e+00 -5.073309665121514822e-01
5.484312398002579414e+00 4.482154747907004300e+00
6.842492853225235372e+00 4.950885528145853587e-01
-5.769972894111556450e+00 6.536807995358284273e+00
-2.039213106325461045e+00 1.190969599397506684e-01
4.700807715046927959e-01 9.450621343146056175e-01
-7.013242375379335591e+00 6.492894443266195914e+00
3.495143062555968960e+00 -6.707437377699035252e+00
3.174228007048002453e+00 5.600972378844510935e-01
-5.104987344386672454e+00 -7.295126143208411351e-01
-1.268534750491738139e+00 -3.492491055497570773e+00
4.827050872461256859e+00 -6.269335919889565290e+00
5.395864502378815430e+00 2.478577838155046342e-01
-7.065090957879126776e+00 1.000172304483017527e+00
