1.439112653374733153e+00 9.983755535585425278e+00
1.177673613189064561e+01 1.062765183235470623e+01
-1.562201030499386256e+01 1.363594184025751765e+01
1.312620069472674800e+01 6.991255863027157069e+00
1.153739478581526612e+01 -6.377150878583626614e+00
-1.579843659523016619e+01 1.129149934848850023e+01
9.394323504181871343e+00 -8.157410850134835911e+00
-8.453496567356568292e+00 -8.316387894447283546e-01
-4.363067670076827831e+00 1.041987701472403138e+01
-7.737438559115440206e+00 7.049731258091282982e+00
-5.718509205713842469e+00 3.610918008706183624e+00
-1.521193745794346697e+01 9.923263222218508872e+00
-7.243264218782361041e+00 -8.513383917445743521e+00
-3.751429142513968085e+00 -1.476844613310652754e+01
2.534653484099755882e-01 3.332668227983983655e+00
2.816162691015406949e+00 -3.300555731409369337e-02
-8.583261195338691252e+00 -8.545953775490879423e+00
-7.860339641495065699e+00 1.399099721879877123e+01
-1.270973712465666061e+01 -3.842154232215219789e+00
6.917883772064212788e-01 -1.030915229719933279e+01
-3.355194290899865095e+00 2.463332918637802127e+00
-4.583960611895978587e+00 8.705257998126048946e+00
1.048218877836376173e+01 1.281404236759291848e+01
-1.127353073629353908e+01 1.128446670186086287e+01
-1.235080433046802995e+01 5.255189135896570995e+00
-4.044634609680771042e+00 1.326276877394207432e+01
-4.218415018229899616e-01 -1.085058229163822219e+01
6.942864409993982910e+00 1.469600739717726334e+01
-1.928254712289557915e+00 -8.880645881243889761e+00
-1.746767718720515727e+00 -9.458105868669625105e-01
8.984922058145620838e+00 1.252244372204225353e+00
2.596934027742447970e+00 1.011977757580437220e+01
5.548086867998851091e+00 -1.323125723695408062e+01
-3.677540517783267404e+00 -6.555662494101778259e-01
1.532128572426670665e+01 -1.562711093939206641e+01
8.515888105307112266e-02 -9.180128153534036883e+00
5.476333280835217643e+00 1.228298468739796512e+01
-1.312270564463758582e+01 1.556836611305434737e+01
1.520372702064304704e+01 1.027211159688126507e+01
5.072831251738949554e+00 9.123459234550940877e+00
1.565470273033586146e+01 -1.448026142450911813e+01
-5.445443414015147532e+00 -7.215667669834674669e+00
-1.171965721219681011e+00 -1.195204736635397680e+01
-1.226268676854311934e+01 -1.168111621437137337e+01
-1.236367446693696337e+01 9.527809177917845318e+00
9.716503044194260141e+00 -6.844670445938487724e+00
1.581012490983825014e+00 1.112569919416969810e+01
-1.327037360479098638e+01 -1.388306813230332004e+01
9.297110520419007429e+00 -1.292249805144467345e+01
1.411483229171305354e+01 7.677891170149163003e+00
4.638047129365505228e+00 8.056910243678888861e+00
-1.332128625571593616e-01 3.224398309974655930e-01
-1.130680843187046136e+01 -3.672147788201607366e+00
-1.359969032022088875e+01 9.004305982241262996e+00
-7.075236845099049710e+00 6.206426939038528268e+00
6.040591753274641817e+00 -6.181831077502336846e+00
-9.038190140582992527e+00 1.066874465499431324e+01
-1.249119320651962006e+01 -1.509605732977965431e+01
2.876984727549238841e-01 1.512265333018858904e+00
-1.038206191645290311e+01 5.721553796886512444e+00
-9.058831549631712887e-01 -9.816421310850602211e+00
-1.135667440773043069e+01 8.087375217402243521e+00
-1.829569465765151337e+00 8.847698949111116207e+00
-5.542282482732598936e-01 -7.221209371926823328e-01
-1.293836513533454635e+01 -6.171181495567774622e-01
-3.407414957060707739e+00 3.578619820857825040e+00
1.098976760988380041e+00 -1.836585732837858753e-01
1.502410521058078530e+01 1.221016788615989412e+01
1.528342675835289555e+01 9.101614225388264146e+00
7.501313243747281589e+00 1.580520351376499910e+01
7.220734303043924385e+00 -6.334879992195198817e+00
-1.441463349664624793e+01 8.398302145858302481e+00
-3.356658953840372384e+00 4.670361217818057575e+00
-1.216115393223711649e+01 3.362925571094544930e-01
9.187409697660958940e+00 -9.390156351217404662e+00
8.107998869616455551e+00 -7.695566889534232402e+00
-4.396058851133116896e+00 3.685727589827336281e+00
1.125353427174993470e+01 6.403221203989123644e+00
8.226092237385103090e+00 2.696233425132978478e+00
-1.535658027706571005e+01 8.759370437413995347e+00
-1.371482192670842615e+01 -1.488793920154280492e+01
1.160559724120875558e+01 8.566813088689642086e+00
-4.589750526954350818e+00 -1.287445629861556107e+01
8.462346760923578515e+00 -1.061442595017813773e+01
-9.847643517831095039e+00 1.553717054725272284e+01
-3.301438720197186871e+00 1.432112696379591377e+00
-7.412700789605142226e+00 5.194023653503989202e+00
9.350884226969940372e+00 3.342159209891317762e+00
-9.914468893801826610e+00 -8.099600305804429468e+00
3.540768535529503325e+00 -4.117850963725685709e+00
-1.044089920223953172e+01 -2.176933499792808480e+00
-2.011504929404170916e+00 -1.127671317677850737e+01
4.325533986656518337e+00 4.593142961551322401e+00
-1.305853640616638067e+01 7.712551291934537367e+00
5.874045746527738920e+00 -1.417126082219129657e+01
5.655670136184617114e+00 3.938404939449556608e+00
-1.329739674721588294e+01 1.267691196758290850e+01
-5.172845297797866948e+00 1.128136580566127734e+01
1.319651765812036182e+01 9.379946022101778524e+00
-5.213989626356687168e+00 -1.575333239740188418e+01
