4.022525630694540055e+00 -8.937011198665757661e+00
-8.561651755315897727e-01 8.941947628101457823e+00
-4.241954004704530767e+00 -9.266076565648001306e+00
9.237854073880056305e+00 1.965698320758174411e+00
-1.578109654326258715e+00 4.536705290448786343e+00
-7.247814324893687044e+00 -1.605949205282380277e+00
-1.156047667680392133e+00 -4.351821667807834082e+00
1.059929920136194026e+00 -6.016380464864576894e+00
-1.014101399683060656e+01 -6.556670328011190207e+00
-6.266177294184632096e+00 -1.027044564216154932e+01
7.966519369377533799e+00 2.075899335811959290e+00
-9.279451078001827113e+00 -4.640195187304461122e+00
-3.924967928993662980e+00 6.548329622891146506e+00
-9.830390195782031659e-01 -8.057114583244500139e+00
-4.285683800746729055e+00 1.101108659640916976e+00
-1.031236533852029780e+01 3.148015379717653772e+00
-7.865365598107819878e+00 -6.625603584232743870e+00
5.829906434913915803e+00 -8.521593084256378958e+00
-9.495330811710093855e+00 5.003220900416825323e+00
-3.393616341984376117e+00 3.043303126896636179e+00
1.106256408504260413e+01 -4.987732019924181692e+00
7.375239316477904872e+00 -7.132794636728452708e+00
-4.511412444464766303e+00 3.906037068553374958e+00
-7.817897138271311164e+00 1.848036472172141176e+00
-8.287297388910909390e+00 -8.666167090846508270e-01
-4.682046936366138112e+00 2.137045830001117697e+00
8.775431793872568775e+00 9.219146628397075771e-01
1.024351535676975189e+01 6.510453658977529701e-01
3.450786603626393667e+00 -2.542161518533503806e+00
7.382435100144440376e+00 -9.069205672647754568e+00
-4.380044713802506706e+00 1.024684578125578227e+01
1.793728361497554991e+00 -7.088521437954510063e+00
-3.817409003555207181e-01 -5.196919676024512214e+00
9.951384360201986468e+00 -7.123077827600384104e+00
-5.127639859117894439e+00 6.485871896084051791e+00
9.215531936699742133e+00 -8.319336464140668852e+00
-2.582813319678387121e+00 1.661913080092152439e+00
1.508913073264210647e+00 1.317043631912923285e+00
8.478139709913882882e+00 -7.291277143528925642e+00
7.362203989740128129e-01 -7.356453295313970742e+00
2.575462678676930572e+00 1.541386557411809910e-01
-8.727331905535299583e+00 -7.445447839852312732e+00
3.989840646665652191e+00 5.850026976042022930e+00
1.107867702267854959e+01 -8.622836750276796636e+00
-8.290770448414290783e+00 -5.377825993540927385e+00
-9.327422972079380870e+00 -1.825568567929287234e+00
-1.746046415008853714e+00 3.239811331181336573e+00
-1.048679531323537084e+01 4.493833710989252772e+00
-6.709528329301391203e+00 -3.361264608227896300e-01
-1.094784670148056804e+01 3.365849955494688572e-01
-7.900623464185041023e+00 6.756781188031615315e+00
-1.017275260135778048e+01 -7.729093546066384768e+00
-9.019699138896219992e+00 3.833002269785862559e+00
-1.014194725802194519e+01 1.969155475411752176e+00
8.842456211007052147e+00 -5.993314358766844485e+00
-1.571094888683113311e+00 7.141293200295942611e+00
-1.077003572698887268e+01 -1.136497164140603422e+00
-6.354729780417409657e+00 -7.319804727545521139e+00
-9.237939749886264096e+00 2.694463206999409888e+00
8.401171552125957120e+00 -9.554382292021960765e+00
2.925941329799966795e+00 6.109163642184660681e+00
-2.205144552062946683e+00 -6.110175040414226544e+00
1.108373192398707019e+01 -7.496338562764963243e+00
-9.575417084305873905e-01 -9.194476898725834957e+00
-6.064296034888217335e+00 5.454499410043032626e+00
-7.076725322274063146e+00 3.116077329308514887e+00
2.570567279051119702e-01 -2.103735757721685307e+00
-1.568519770097835275e+00 -6.988662143374971158e+00
1.099904034012053167e+01 1.381552002019443615e+00
-9.774814029734946175e+00 8.016192952002496597e+00
-4.580983492731437678e+00 -1.033910230497928140e+01
-2.485382745086872902e-01 -7.036486315562049398e+00
-6.400297275151122456e+00 8.372645341466352420e+00
-2.735832650398805299e+00 3.911511707704017571e+00
2.705692438291495971e+00 -3.366876598062842341e+00
-5.982773540653468558e+00 7.354183637154241282e+00
5.575457767852224578e+00 -5.110084645519137325e-01
1.084156788018112216e+01 -2.090645635560178572e+00
-4.687957867310492688e+00 5.255485038954454069e+00
7.225698592709718149e+00 7.352308374879721775e+00
1.114659215571383299e+01 -6.078711680375576520e+00
3.284094828746054073e+00 -6.345291918766270634e+00
-1.771072172562687452e+00 5.577536504420361751e+00
-9.908554962723673754e+00 -5.495719261524991239e+00
-9.290720830647879680e+00 5.396040859720473426e-01
-1.004537710806327588e+00 -2.738278572133795219e+00
6.523470264137651853e+00 -9.607779458833135777e+00
-5.522237019145681103e+00 1.366841184337059811e+00
-4.435827207330802935e+00 -4.516845577915029608e+00
-9.629736910414578688e+00 -6.273181412885400210e-01
1.048793287067451807e+01 -1.057258428164340458e+00
6.070772130987587722e+00 -7.327151891555642393e+00
-3.750406648223287842e+00 4.637857937197808589e+00
-5.503263123314016347e+00 1.106176036274358054e+01
8.130944332231436533e+00 -8.331172309429419442e+00
-3.285226756168063034e+00 6.598113668663189157e-01
-5.899395775708320855e+00 3.040156990592587927e-01
-6.200187997114074701e-03 -4.944041781772503530e-01
6.785926073485580190e+00 -8.215750521181035992e+00
-9.048723463160310843e+00 -6.415900452650123320e+00
