2.886235203180155029e+00 4.868058091204579441e+00
4.966110475806884139e+00 -1.412196762908156655e+00
5.074833518680392785e+00 -1.304034906396437599e+00
2.926904431016919883e+00 2.369050943257404729e+00
3.155469464467482776e+00 4.240468311256895717e+00
-5.713213547938448933e+00 -1.001460043323037619e+00
2.663380111863695721e+00 2.057483461400162916e+00
-6.873894082943619033e+00 3.824507225717391989e+00
2.350127557183706362e+00 -3.834078224927701228e+00
4.855352044675670165e+00 -4.889111720932856620e-01
1.945980175149252034e+00 -1.302579949496194933e+00
6.334474301581203726e+00 -6.785948160391941819e+00
5.344102559134202401e+00 -7.793661287741388000e-01
4.845928618717306513e+00 3.312390193570438512e+00
-6.332872363109870451e-01 4.432858630097585184e+00
-5.659921089600254973e-01 -1.242645634168507929e+00
-7.282449970228104252e-01 -4.716365984346022611e-01
-3.116455271548999484e+00 -4.051973198743596960e+00
1.760252554120252499e+00 -6.767697931964217872e+00
4.539120622477169853e+00 -5.542741664047794892e+00
2.923709554335241823e+00 8.257836688029696059e-01
7.006825521305630744e+00 -6.718147113923000902e+00
5.534663838759257715e+00 -1.254851957351156511e+00
-7.937225112013436279e-01 5.508586254101233592e+00
5.963311828634887402e-01 6.581628376868712493e+00
-5.438858442795147852e+00 4.191418223737676918e+00
-6.193621170827735334e+00 -4.905799189933616411e+00
2.581081400104775492e-01 -4.852522075470047103e-01
6.784859758829392185e+00 3.231641450417250816e+00
-5.099556447471353060e+00 -3.450240676557773334e+00
3.068822941606100141e+00 -1.267557272932249068e+00
4.495398450389347822e+00 4.036168636579392732e+00
-6.415396452596305643e+00 -2.417086543092122675e+00
3.364386434905818124e+00 -3.847694644462566149e+00
3.330482480285967828e+00 5.161965749330495790e+00
4.184058430327971534e-01 6.797808552286249473e+00
-4.627700223820126801e+00 5.699925026904344882e+00
-6.039441106006815829e+00 -5.855337618212616668e+00
-2.759291738549961570e-01 6.471843860885074129e+00
1.158633049019754280e+00 -1.983470375518961104e+00
3.053795665627337730e+00 -6.042666491206708734e+00
5.932480589885048339e+00 3.024328302211275243e+00
-6.627971280622818817e+00 -5.810551102111308097e+00
3.920399018014001591e+00 -1.318011464047009751e+00
-2.953674525035147713e+00 -1.722301531814306896e+00
2.298837614469293023e+00 -2.319766150055058151e+00
3.132454694588298505e+00 6.809595064461895220e+00
-6.970592184997929763e+00 -7.035066201478202608e+00
2.435238360672633551e+00 -6.727328386872245325e+00
-6.382134913240512297e+00 2.736060784597362350e+00
4.949111873631292902e+00 2.857945187869055381e+00
4.516323336433432978e+00 -6.448053250200756814e+00
6.905321384673805518e+00 -5.661168033095850483e+00
6.621486986791993878e+00 -6.162230992945840313e+00
3.561555282067086381e+00 -5.382623298877011742e+00
-2.751648568265291139e+00 -3.447682013637265452e+00
3.636818716262234741e+00 4.395543372160625850e+00
-5.293889775954281340e-01 5.747521596137906030e+00
-1.492090280479793751e+00 3.234584365994953803e+00
2.589127382410815414e+00 -6.325816484536229467e+00
3.055398988296502250e+00 6.952087189654896804e+00
-1.487384394409921429e+00 2.318798233304740108e+00
1.872390057401651653e-01 -6.549363449037165275e+00
5.919057706581871692e+00 -6.737965242943661615e+00
-5.604011679216663211e+00 -1.163337410691442031e+00
1.340138244066293727e-01 3.538837602131216453e+00
-5.857897092019557661e+00 -2.188715097937298459e+00
-3.296640546571368291e-01 -6.297230080208172431e+00
-4.720006538391853468e+00 4.900460101897334830e+00
4.507009781631293066e+00 -1.221401882371363934e+00
-6.164050336224203619e+00 1.886209345891458167e+00
6.342385124725420376e+00 3.331825919590159835e+00
3.228782350371372178e+00 -4.661024743066700005e+00
2.443743989902631863e+00 3.859692729757263407e+00
-6.619491090591145266e-01 -2.006371308829526967e+00
-5.230470994860265677e+00 -5.798127444354120641e+00
-9.868446286437322357e-01 6.204974373120364817e+00
4.599632208600518801e+00 -4.956130426755158247e+00
3.772267788609820816e+00 -4.839115331139796083e+00
2.478967172328829349e+00 8.571734020306187585e-01
-2.243071673286410661e+00 -3.875381131635580179e+00
6.991309814592155725e+00 -6.730549019640803543e+00
-5.271794296267007240e+00 -4.986366535468105710e+00
6.575577852071912588e+00 -4.757993813798686134e+00
6.277759779978097754e+00 2.419484886402293089e+00
7.012117249608401437e+00 -5.403465692404065379e+00
-7.029817941392178859e+00 4.647965803705748300e+00
5.039370801663315413e-01 2.810675155561864536e+00
4.833171026041751084e+00 4.790771872253842822e-01
5.103589901218080094e+00 -6.371407646809342573e+00
5.075308755437633046e+00 3.746254850770867506e+00
1.937070193927140416e+00 2.561168984772205448e+00
2.645664034448614199e+00 -2.395505919947610529e+00
2.743400542636289519e+00 5.509727471381734354e+00
-5.510243973154517860e+00 3.854779903264436314e+00
-6.022440461599067874e+00 -1.295179714525087844e+00
5.016007793766834588e-01 2.204627086386805601e+00
1.637334618355760663e+00 -5.788856297160115183e+00
4.174746703267536718e-01 2.503786524291833349e+00
6.913394872326236396e+00 5.362162778279333075e+00
