-3.086187010782785123e+00 -5.628541253682544099e-01
1.070583778294609045e+00 1.726020902391032230e+00
-1.697417118035457584e+00 3.966059212884377683e+00
1.765053306376154207e+00 -7.176041196256968568e+00
-5.192582343320947480e+00 -9.658132536297064918e-01
-3.578691937941424150e+00 4.031557366117541896e-01
-3.209592893898870258e+00 1.345788658251233949e+00
2.436806937616039725e+00 -6.116589060232476172e+00
3.106128290942641978e+00 -4.944879265119008771e+00
-2.901757798227670992e+00 3.660800239477894902e+00
-6.688753986154450937e-01 3.073751799613978708e+00
1.243039946425703057e+01 3.458377626624994372e-01
-5.751784857527998618e+00 6.088144148651228882e+00
8.573251088368591954e-01 -1.268287356808211364e+01
1.427263484589482712e+00 -2.917177390068466103e-01
5.524028721112626883e+00 -1.634954059142221805e+00
5.555072342052326029e+00 -2.930968823761442188e+00
3.100253011739269038e+00 -2.422116721262115302e+00
2.319201952121487942e+00 -1.514002870854084470e+00
-1.281607292373126539e+00 -1.333518618297859115e+00
2.725081059978463394e+00 1.838233371281423612e+00
3.864859676580010284e+00 -3.955484428611936831e+00
1.532960347430707415e-01 5.016055797806516559e+00
3.268646034176659665e+00 -6.875243047148975606e-01
-1.921489150801437118e+00 -3.980791913254007053e-01
8.043946215276054357e-01 6.394084412868901168e-01
-7.296291289653225043e-01 4.398283724750273294e+00
-2.507687494519586835e+00 5.702753377511184940e-01
1.297058984772854862e+00 4.686288735514382964e+00
-6.038613763650960031e+00 2.604460024194158674e+00
-4.878548584848928726e+00 2.844173406360026579e+00
1.332326457114034968e+00 -6.125163791807069380e+00
-1.596026047657901792e+00 6.480981555866943467e+00
1.036165311417366786e+00 5.682273302306027674e+00
-7.020453044337734205e+00 2.106521010601233090e+00
3.871914284079873259e+00 -1.535032250719931879e+00
-6.831322265245356462e+00 5.687373516474561796e+00
-1.664230998571885056e+00 1.022238770596526081e+01
2.116305795123273992e+00 5.565864028855151524e+00
-1.594188561315327934e+00 5.400044214761495098e+00
-6.989681912824721621e+00 4.477220431402135326e+00
1.465609545059975316e+00 3.494488421310538051e+00
-8.052592487194727866e+00 2.873059395132809613e+00
-1.789109167730131178e+00 2.807417606356543249e+00
3.633362663964339490e+00 1.331922829582332213e+00
-4.351735936625441781e+00 -2.812951331553088963e+00
-7.706462026696017653e-03 1.707651292666173992e+00
-5.179431515649916662e+00 1.756762726658066098e+00
3.080237623465914343e+00 4.986984414378809127e+00
4.402311055986327104e-01 -5.337120170061130375e-01
-2.762959845151981675e+00 4.841325430657127171e+00
-2.339027107543469430e+00 -1.573491494776874555e+00
-1.824705645435691359e-01 6.557955000987059080e-01
-1.462738250888375724e+00 6.490458890224495292e-01
-7.403588522670286887e-01 -2.898468977827245441e-01
-2.561198737285141913e-01 6.042182320657089711e+00
2.300771579245167509e+00 4.265326739433622727e+00
-4.643736682090824353e+00 5.326076997257404244e+00
-2.061352812196444173e+00 7.846966030167499717e+00
3.475424059932296750e+00 3.912208006559522833e+00
-1.200139884066221185e+01 5.706066287087729449e+00
-3.835338507021124332e+00 4.391296061369117432e+00
-4.301598497263813492e+00 -4.378230365005848501e-01
-4.051375728430643974e+00 2.030316494247884407e+00
2.640538840039781121e+00 2.504318365306953398e-01
4.367187849905972641e+00 -4.884270758236112897e+00
4.407785649828675822e+00 -2.886227005629253828e+00
-2.952472575362606211e+00 2.440934828850180871e+00
5.551519666030806377e-01 2.877154638757215110e+00
2.745244803944764111e+00 3.283124207296281849e+00
4.716008095498154695e+00 -8.004683405571406674e-01
-5.912778574361933437e+00 5.005703565910998520e+00
5.102089151751082241e+00 -4.121131447996534192e+00
-4.700204258146364111e+00 6.277114214906026612e-01
-5.793129744592996344e-01 7.029913365328562591e+00
-3.543636351167142262e+00 5.672701187606554285e+00
-1.841859625901876685e+00 -2.491468785972068112e+00
-1.025263027443594765e+00 2.002029391853601847e+00
1.653045912197860456e+00 -8.430112106697947638e+00
-2.957138656095649409e+00 -2.477880371835572415e+00
-2.139502317607894444e+00 1.674956788161960253e+00
-1.269052330494372427e+01 -1.098472806120480527e+01
1.984102422196375892e+00 -2.587827803460895026e+00
4.378137018370302225e-01 4.053093665803580770e+00
-2.579073259469990553e+00 6.050199843160990021e+00
3.670073060325507619e+00 -5.913984143559821050e+00
-1.082755296886063157e+01 -2.672933631220536288e+00
-6.252028071685566957e+00 1.352455842083821969e+00
7.547681121647353830e-01 -2.394233647021750233e+00
1.815313028361986936e+00 2.404993886695952821e+00
-7.275602808752464234e+00 9.998218337541834311e-01
3.070793747495640158e+00 -6.881153829756383900e+00
-3.795509111944043390e+00 -1.557078935572035139e+00
2.060982119046954608e+00 6.810892507980057964e+00
1.221377897911006727e+01 -9.507966784690951911e+00
-5.937018555744900894e+00 3.757701239543989047e+00
-3.865238137806015217e+00 3.155515423469005487e+00
6.142158833277658880e-01 6.740118486415280330e+00
1.896044534904555601e+00 1.068935497869955453e+00
4.014078535388556190e+00 6.243918802634348952e-02
