-3.340316966223770834e+00 -6.705729311979745866e+00
-8.397348317291172037e+00 -3.876441417826754332e+00
4.301031622383939990e+00 -6.557350949012078267e+00
3.599946649238850771e+00 -7.543555443102363256e+00
1.765777448666689065e+00 1.155281779128703112e+00
7.569242810781623199e+00 -7.058145927595033120e-01
-4.295600098160869074e+00 3.400749629920643002e+00
6.848578253815285066e+00 -7.696078935025698620e+00
6.195531695112367565e+00 -5.120004388236328197e+00
3.606976389990641074e+00 -5.061502281949974424e+00
-4.904856213298585565e+00 1.398746117105282849e+00
-1.362000832259133432e-01 4.678216763881698270e+00
3.870616543737707804e+00 -1.398362590776262460e+00
-5.397529736489283358e+00 5.385334907324837994e-01
-7.006551164980802326e+00 -7.685125913066157999e+00
-8.409663241308859227e+00 5.563554937717563931e+00
1.252626364555111227e+00 -6.596550609091877959e+00
4.388736602882580939e+00 -8.374925863914105761e+00
-2.459209521534255760e+00 5.699792497741873909e+00
-5.299612189868931900e+00 -1.207795418328201364e+00
2.456067608968653115e-01 -4.174111176150427482e+00
6.643037464446599039e+00 1.597432680293380480e+00
-6.594782249420240383e+00 7.354594536659891268e+00
9.119093285453712117e-01 4.802295700721575855e+00
-3.027037579484753493e+00 6.728473766447219617e+00
-2.816867905843171371e+00 7.759637062911517447e+00
-5.061435356539811359e+00 -3.211697088804276845e+00
-3.043868583117298243e+00 -8.060032739398062418e+00
2.839606200792135215e+00 -4.127933881754254131e+00
-4.162792295628384154e-02 8.133069973644740713e+00
-1.909018615052380519e-01 -7.724755598827844238e+00
-4.293867714565941185e+00 -5.355738752153778037e+00
-1.235413321895624028e+00 -4.700782575518335449e+00
5.962438818192197232e+00 2.459822146474038185e+00
6.731025894461614811e+00 7.003748177245528339e+00
2.937455435756977984e+00 1.348736424692849489e+00
5.140619313583862926e+00 -2.380763074126082124e-01
4.903462324296866903e+00 -1.771648736233964350e+00
-4.648819203675335743e+00 2.402844025623603219e+00
-2.135612000572396862e+00 3.828343613814725988e+00
4.872915755661982873e-02 -2.743457015194795900e+00
-1.831458446564772302e+00 -7.227793216531710918e+00
7.629406369602278914e+00 7.387001470428106176e-01
-4.882423202839125675e-01 6.683308090558337966e+00
3.295899798912463208e+00 2.481340257763256840e+00
6.592033523459690514e+00 -3.710042386685264315e+00
-4.164578193006443385e+00 -3.688009862872533073e+00
-1.090102877551007099e+00 3.021670849938963066e+00
3.065897158189294203e+00 -3.000672647446561037e+00
4.986924159988935124e+00 -5.628025306736125444e+00
7.906389844237685649e-01 1.650150909745063510e+00
8.154813824770627662e+00 4.481854012799382225e+00
3.781314904810017641e+00 4.750278872966605670e-01
2.720227760327185607e+00 6.386610645231203698e+00
-4.397178274316588364e+00 -7.366853174650438874e+00
1.623404989050853953e+00 2.349085113888917498e+00
7.787484661152168641e+00 -2.945992100378684420e+00
5.317344386910294318e-01 1.561515855737064529e-01
-3.900238271616477181e+00 5.714634540247472749e+00
-1.517121997361261077e+00 8.176570392463974102e+00
3.538288113531950163e+00 5.529230527910134363e+00
-7.094053822549892807e+00 5.009959075280072227e+00
-8.144633479087129757e+00 -7.575790132594940829e+00
6.749583120449811346e+00 6.000898236840421340e+00
-6.766492891938090004e+00 2.645075060565923231e+00
-1.611813307876897916e+00 7.119455004967234935e+00
-5.402080878117414109e+00 5.561543587007125922e+00
-2.550240148037330901e+00 2.596392453849428517e+00
-4.036524042606306040e+00 7.692542807765266666e+00
-1.822122954523105021e+00 -5.269350797429892541e-01
-1.985802253882355206e+00 -3.396728968452356945e+00
7.187020176323062337e+00 2.491125860891405530e+00
2.917415335200487458e+00 -2.723453754621839584e-01
-8.178314761510771191e+00 6.715286046708547341e-01
4.070918852946141087e+00 1.592320111597066656e+00
-7.087436083805387810e+00 -1.556222479765683175e+00
2.319679129849587351e+00 3.255017446613867271e+00
-2.401793878965803319e+00 1.395971546332180679e+00
-3.819358897792681784e+00 4.571995890839723131e+00
9.764816519405149498e-01 -7.914939570058753482e+00
-3.190867080200604278e+00 -2.046994946970009277e+00
5.443083567348147689e+00 -4.518534619943071817e+00
5.081010820586709720e+00 7.317896470165978329e+00
7.023335402503562364e+00 -1.596700199147321531e+00
5.353008687360848228e+00 -6.838237299309489536e+00
7.596983077946178886e-01 -1.223415868621283487e+00
3.195807557159870971e+00 4.627786868093167527e+00
8.314117179344409081e+00 1.757773324489853239e+00
5.189439023266439577e+00 1.176400626411271855e+00
8.368651914713127749e-01 5.896198304540988033e+00
1.215695397001800515e+00 7.848182000035935246e+00
-7.674822695903834813e+00 6.323622031156218348e+00
2.721074869124947559e-01 -6.682837069800043217e+00
-6.952223322459533117e-01 -5.717466283700565199e+00
-7.390918740991344826e+00 3.436928855345182665e+00
4.853095762189222562e+00 2.247016383509360171e+00
7.534325811116354688e-01 2.913623622396726454e+00
-1.242234199450407361e+00 4.895231479036413091e+00
-4.349300631637151304e-01 -7.967845782415999834e-01
-6.365167322723587873e+00 1.493858427775406783e+00
