-7.910099917811633574e+00 1.560481601653054362e+01
-6.575552057480865464e+00 -1.215895864989740183e+01
-1.051199826648781688e+01 1.576435886357599792e+01
-5.392320632850502449e+00 -9.970400563733416988e+00
-1.378611454524615176e+01 1.242802603738254597e+01
8.613077276752175493e+00 -1.232264192143447801e+01
-1.212349020533158672e+01 1.167213026728901681e+01
-4.470511067764317836e+00 -1.318672039750609137e+01
-9.206932458517080420e+00 1.520245240446546653e+01
-1.401272340878371025e+01 -1.513081303582185377e+01
-1.550005007624421971e+01 -1.035849926364026174e+01
-1.019224907599553021e+01 1.433032185704886530e+01
-9.230855633086278544e+00 -1.327912200209704174e+01
-5.534249758195842084e+00 -1.128361259688570151e+01
-1.217433669192952905e+01 -8.997546942360745703e+00
-5.191189059832210795e+00 -1.236507937193458595e+01
-6.675140009074114644e+00 1.504303247517817077e+01
-1.173381343942838306e+01 -7.970781422664653171e+00
-3.850776115593345761e+00 1.256208808704907254e+00
-1.492364552074996276e+01 1.007769537982675345e+01
-9.050171028881189628e+00 1.400370175771208281e+01
-7.938589816386567577e+00 -1.465132182362227375e+01
-1.546943504139072090e+01 -1.212484869302243418e+01
-6.922014777783314976e+00 -1.530610328927330599e+01
-1.095368023005301161e+01 -1.473848572588328487e+01
-8.499411035025183025e+00 -1.237044524162233294e+01
1.634182928311107563e+00 9.361188372950262959e+00
-1.340327722896335061e+01 -1.112481173146598223e+01
-1.370698329913831692e+01 1.022135423324900216e+01
-9.861890417249547625e+00 -1.501089064649076832e+01
-1.177355156301149819e+01 -1.568536406980933151e+01
1.408070480683970693e+01 -1.299191177048077250e+01
-1.324852564510102226e+01 1.119881773398280522e+01
-6.157284851114714463e+00 -1.313467052577048122e+01
-1.071781662740316143e+01 -8.886694091407605356e+00
-1.505993112007321955e+01 -1.432426343923808254e+01
-1.044857766122938614e+01 -1.202525983154937705e+01
2.210613811356648029e+00 -1.309347278831732098e+01
-1.251820009786197829e+01 -1.203787463272775504e+01
2.185717031113963316e+00 -1.201598341174283391e+01
-1.121384417790335419e+01 -9.849587826438554572e+00
-9.907019234407774988e+00 1.328015530134668154e+01
2.736109678806366574e+00 1.148410378497075790e+01
-1.430737325200838761e+01 -1.251258314164617858e+01
-1.125533144379972939e+01 -1.359259794323226700e+01
-9.605182930789700535e+00 -9.503626372690515467e+00
-1.215248136370802889e+01 -1.054279775269879416e+01
-1.288726804946585247e+01 -1.524421395920098021e+01
-8.833061403943291978e+00 -1.533754275357225438e+01
1.460422057599864587e+01 -1.175510358582087456e+01
-1.402341896813545574e+01 -7.505371248331081269e+00
-1.419601292124758629e+01 -1.370216119515035125e+01
2.654346316847032483e+00 -1.436304202588870460e+01
-1.146057344064902850e+01 -1.138240699284278179e+01
-4.574841308314230304e+00 -9.069829815659678829e+00
1.531683778787381733e+01 -1.275321397618200692e+01
-1.000569996837872999e+01 6.964016704007955916e+00
-1.216933115955686162e+01 -1.314887987453595919e+01
-1.366958813684904861e+01 -8.684322711760067648e+00
-1.299308968200428360e+01 1.398637147383070989e+01
1.453888560004808106e+01 -1.509903690579193025e+01
-6.616291183210867288e+00 -1.098086181625120972e+01
-1.337142726223876643e+01 -1.295597486769025686e+01
-7.355895332461649616e+00 -1.286263757473402336e+01
-6.923111439375773557e+00 -1.409925819120496726e+01
-9.050609554958649383e+00 -1.041632401472170244e+01
-1.198126805294373831e+01 -1.435654620700630701e+01
-7.668822234632312274e+00 -1.178663455172741514e+01
-8.989884400509378537e+00 -8.551519632817669248e+00
1.350652066465004708e+01 -1.411896768052415041e+01
-1.130974509494316571e+01 -6.189669413204930137e+00
-1.095546368870564713e+01 1.252441889382193629e+01
-8.180140187437913823e+00 -1.358254453943635198e+01
-1.460822835556377264e+01 -1.106348398507215336e+01
-1.022027195437053493e+01 -1.091706612262464837e+01
-8.339143503051580808e+00 -9.557009498459406061e+00
-8.967577602653680202e+00 -1.427348273961692904e+01
6.666287327745251901e+00 4.707366236152248362e+00
-1.426700055101851916e+01 -9.537105347601958272e+00
-9.215610594463264249e+00 -1.145172337513598038e+01
1.551686468545732644e+01 -1.127192183989150109e+01
-1.534177677182395172e+01 -1.315822720530961298e+01
1.564679437627710357e+01 -1.496841286938153281e+01
-1.100451071278705406e+01 1.359797005578089824e+01
-1.006570925165219776e+01 -1.397160191485496661e+01
-1.217802017088749622e+01 1.274132774719620897e+01
-1.323299128574740990e+01 -9.930628847284825866e+00
1.183057704948787148e+01 1.520922378148835108e+01
-1.284964589497845466e+01 -8.001036722434172077e+00
-1.144325223837610928e+01 -1.244175362723546385e+01
-9.087045519628357937e+00 1.253147977452064765e+01
8.358346961472407077e-01 1.018024781084355368e+01
1.487456679192261788e+01 -7.280900464169413056e+00
-5.847128561819284087e+00 -1.563915084613590700e+01
1.506969195285463137e+01 4.471268863191206755e+00
-1.305445146766662390e+01 -1.403571115998671459e+01
-5.900262132100252188e+00 -1.431812670793255116e+01
-1.129230073832884074e+01 1.474015522606666728e+01
1.490541541603850462e+01 -1.410549587446866049e+01
3.462489401117287979e+00 -9.676326897513130021e+00
