6.370918265383204826e+00 3.107257381245883021e+00
1.599823063889874719e-01 3.164750783543818446e+00
-4.255273829793192242e+00 5.580517099885440757e+00
-5.556053839502430591e+00 4.359271959920405060e+00
-1.115854193901271607e+00 -7.379828117134208831e+00
-2.284878392591028096e+00 1.516890300949192083e+00
-5.099970595883378977e+00 -3.242372916119505621e+00
2.916327070139664634e+00 -2.167840521298495915e+00
-1.705736943596881883e+00 6.715956860643213844e+00
2.679585737415097313e+00 -3.734724197993186667e+00
5.131437771484909760e+00 -3.081616867568674589e+00
1.087410580527579551e+00 -4.564329179329051023e+00
-6.871986535514982286e+00 -4.872014284711687182e+00
-6.189842582504812896e+00 6.215248730724668214e+00
3.722937350738157569e+00 -3.577415472840651312e+00
-3.253032440843371287e+00 -4.478716862265309295e+00
5.265857764343852665e+00 3.584854352587697246e+00
-7.120538789557970816e+00 -1.493742643743283027e+00
-8.798659036229384833e-01 -3.027939550229176380e+00
-2.809099298739514250e+00 -6.079950155467868100e+00
-1.112200018205303509e-01 -6.632723779005462283e+00
3.947490242584274611e+00 -4.706075070720364906e+00
-5.375513597169963020e+00 5.477122704342605175e+00
6.640142092870044088e+00 -2.091923532726891466e+00
-5.679500708159984868e+00 -5.084889951386428741e+00
4.222347834965983537e+00 3.216787643665072416e+00
-3.868520689026261117e+00 -6.233452001560687350e+00
-8.712972184655511931e-01 4.929602727733125356e+00
-2.984128317755400328e+00 2.518438320491563687e+00
-6.511047189085451770e+00 -2.376994430950654102e+00
-6.647573832757453616e+00 8.954365177029406375e-01
-1.102065036851805457e+00 2.488106862261271868e+00
-1.263435946022129386e+00 -4.517332073385993851e+00
-3.758132817041758056e+00 3.228299639801731402e+00
-1.201143149614917194e+00 1.465787055197371735e+00
6.342507583716976427e+00 1.577059479357965976e+00
-8.069522073331840684e-01 6.062890734257546654e+00
2.232157071093263667e+00 5.201100455433888214e+00
-5.023171186239449248e+00 -6.342542294168753259e+00
-3.233181320457814589e+00 -6.193412240749235353e-01
1.241953418783715568e+00 6.964243603563454954e+00
-8.324979862936245922e-01 3.529151562750837190e+00
6.446957920043416834e+00 6.976102031970418338e+00
-5.667286798619703525e+00 1.146606057725776118e-01
2.286115501473244827e+00 -7.287911157538804474e+00
-1.644443785483681864e-02 4.111118509527556419e+00
6.789447703565707926e+00 5.879004576267282900e+00
-2.858238015236252316e+00 5.854982287599377777e+00
-6.699678299983268914e+00 7.147801190117201386e+00
4.670824585485409131e+00 1.948703750865814488e+00
-5.867184475941096267e+00 1.646433977819433458e+00
6.746703804339871269e+00 -5.736405846522456109e+00
-2.943175728031920180e+00 -3.360479619293246678e+00
-1.511049193158274573e+00 -6.219810689513528779e+00
-8.579024045585191549e-02 1.052423216356443758e+00
-2.225592480689412511e+00 3.200561516843703380e+00
1.744229432443202832e+00 1.189139450999453729e+00
-6.062225438572587777e+00 -1.038616631516811939e+00
1.067729090357012467e+00 2.295104403852791020e+00
8.664198751713750868e-01 5.989144239856324381e-01
-7.066752479335203674e+00 1.999930620674356119e+00
-1.787559725810827116e+00 -1.840099583346157974e+00
1.471159423703009894e+00 -9.443229793836411812e-01
3.258340410920845365e+00 -9.722675853607720686e-01
-6.770900204587083415e+00 5.092913398309040218e+00
1.494584507270200202e+00 -3.499307132333787873e+00
-3.013973027449757147e+00 -2.003294908406358044e+00
-1.666706257664002822e+00 4.276135925528964599e+00
8.054738710482794994e-02 5.405617621943498818e+00
-4.014373212022531057e+00 -1.680652238642028173e+00
4.782236045284710357e+00 4.467228949683688555e+00
-4.564097026011738834e+00 7.634107678132873165e-01
-3.493927302816257185e+00 6.845328393924529076e-01
7.194122745423453757e+00 9.662046025473183253e-01
6.852384279629188057e+00 4.206828479776540064e+00
5.836329793667050403e+00 5.151872691199320009e+00
-2.022228481777993192e+00 -8.342217679522331286e-01
-6.125352105048905926e+00 -3.627815107740673728e+00
-1.133973344916114012e+00 -2.705819794963503222e-01
5.977656774822590613e+00 -4.849574840529539799e+00
5.623226316882639964e+00 6.431951044700450204e+00
3.737777075951973060e+00 4.305338376366960595e+00
-5.475104380573720952e+00 -1.998831845030788923e+00
4.481545596045931334e-02 7.192747853597361463e+00
-2.107755636763442020e-01 2.071810572736618727e+00
-1.802133578216376320e+00 5.627691800496807062e+00
2.839117179607140606e+00 5.015266025908455827e-01
4.101272504652955675e+00 -2.195321986506034051e+00
5.256380664708741435e+00 -2.078223912337692436e+00
3.808360048802036602e+00 1.192225837693673407e+00
-6.133374461501361452e+00 -6.075516103468822315e+00
-2.205821995849527983e+00 -5.195089258740908988e+00
7.151442168190870197e-01 -2.121874717217642203e+00
-4.073739335348671720e-01 -5.646797522359961796e+00
2.356717736654886153e+00 -3.975657010244784129e-01
-2.514149277731585475e+00 3.819266262112180899e-01
-2.798406946876477619e+00 4.602240331768221004e+00
-7.333681200868728212e+00 -2.593965399911084546e-01
-5.155399465176838447e+00 6.851984978935377946e+00
-2.515063289548715719e-01 -4.148848238568108471e+00
