1.227694942039503800e+00 1.086704126183103014e+01
-1.963861501271270127e+00 -6.826253968449543130e+00
1.507005219589585998e+00 1.195713484009001171e+01
9.247000860915973064e+00 -1.257961377376559886e+00
2.578627329916650890e+00 -3.791964970373452593e-01
-9.304449472112697350e+00 -3.628524291816060288e+00
1.117518166203891550e+00 -5.356433238515883044e-01
1.409891620413426805e-02 -2.126960302399082181e+00
-5.730195190685821061e+00 -5.850247516464888164e+00
-1.941376331806011324e+00 -9.145520880788295948e-01
1.536610548555506384e+00 3.972065997398672721e+00
1.117927133786991511e+01 -8.678095619547654849e+00
1.065584600832694839e+01 9.776347176379360349e+00
1.163823850832475060e+01 1.117328954586379730e+01
-1.724560786339397467e+00 1.101441645402987923e+01
-9.801092693031604242e+00 1.996753823767705827e+00
-1.057612056174439452e+01 -1.038415519516834529e+01
-1.274729135468936114e+01 9.945619583460947766e+00
-1.654824773632040724e+00 2.479959664037702183e+00
1.005902949611174257e+01 -1.261321507663513408e+01
-7.006183218344240515e+00 1.172197957752188380e+01
-7.359460612599988849e+00 -9.589510931654418258e+00
-1.556338407855227146e+00 6.726389556182681417e-01
-5.815499673981132212e+00 3.568193409811395433e+00
-9.689258954890872744e+00 -8.356909195617530983e+00
7.219637077517551127e-01 -4.657315747062043876e+00
-7.702323927694878947e+00 -2.672851190764254092e-02
-5.128683011662288571e+00 1.096735485508672348e+01
4.704495197661127115e+00 1.068204961894705640e+01
1.202637215110448388e+01 -3.904618237457989416e+00
2.096419733181294376e+00 9.441255603753152315e+00
-4.758794059164853429e+00 7.405666153152362874e+00
8.313664352345421449e+00 7.738251234248502364e+00
-7.447084376279534901e+00 -7.150113412365323384e+00
1.082682784422454780e+01 -5.354422877337120745e+00
-9.727590889250596007e+00 -1.100657777487452371e+01
-5.563949849983739426e+00 -4.775108353933294580e+00
1.287418893340954718e+00 6.526896531597143891e-01
7.109190948278103050e+00 -4.332398557154196972e+00
-1.101313225342978042e-01 1.152922675435350186e+01
-2.303365307889664315e+00 6.909884231864644732e+00
-3.777967441246186553e+00 -1.185002796829609650e+01
-1.784646686688528439e+00 4.307028857115118292e+00
2.212536617403591865e+00 -9.686793737446647512e+00
1.222618267559051120e+01 -2.322617842081682316e+00
-8.904974494737642132e+00 -2.441632133994183995e+00
-6.821192965031881883e+00 -1.079043944220010864e+01
1.182468937607329806e+01 -1.154669018894453636e+01
3.460850119121425261e-01 -8.367107607897306565e+00
-3.670759282051373695e+00 1.257967789385227242e+01
-9.561083190185108549e+00 -1.548391025728996784e+00
-1.076764190327564030e+01 1.010422281412721013e+01
9.069315324858587601e+00 -1.128577182303365234e+01
-7.266363278272003789e+00 5.342651735752360409e+00
-3.191000752275449659e-02 -9.687020653563122252e+00
-5.042408700945273381e+00 4.329933522437622528e+00
-9.368897753254687544e+00 7.385456185187739386e+00
-1.290725398538665658e+01 -1.140268501353940422e+01
-9.380873196468940023e+00 1.251542852092163294e+01
8.237281449508920161e+00 -3.631075242029448091e+00
2.012806554743094445e+00 -6.468865777918415105e+00
-8.900416630375087124e+00 3.065122854273809594e-01
-1.039848957555558862e+01 -3.413697028442749914e+00
-2.900629451915682999e+00 8.246435361145723064e+00
-1.008111635710770315e+01 3.842184976779315697e+00
4.695270936268943096e+00 8.891984820795006073e+00
1.269743018695042558e+01 -5.260927775810494644e+00
6.558216302017467747e+00 -9.571778661068487182e+00
-1.266550775825064790e+01 -9.923565286675556152e+00
-7.108317537773335637e+00 8.469053899180893907e+00
2.526823379934476588e+00 1.129324724532097868e+01
-1.272942822839972621e+01 1.123020961543013030e+01
1.258681879483725474e+01 1.457814117146430499e+00
5.398811576178126348e-01 3.233237694576964749e+00
1.104044901985071014e+01 7.643546052466811958e+00
-8.139552180445076557e-01 -2.771803783430383028e+00
6.342194626069634467e+00 2.152598496012810836e-01
-4.673941003277126249e+00 9.149135503116220036e+00
4.304522463679215427e+00 -1.028282015926385995e+01
-3.521426585834928957e+00 -6.569150839448023582e+00
2.579636160985921300e+00 -5.208648453427604075e+00
-3.402054787950032910e+00 -3.010633448586035321e+00
-1.517751024526116099e-01 8.698409496488446635e+00
-4.954840489756777266e+00 1.051658254153646777e+00
5.176221438332333946e+00 -1.090931974793040737e+01
9.648091355263630930e+00 7.158978641039233537e+00
-2.969492950127513353e+00 4.201202410337722348e+00
-1.156034110095649936e+01 -1.100687709322966334e+00
2.891333108842956356e+00 -1.077328866720752565e+01
-4.592563865085183217e+00 -6.254035101899923177e+00
6.239385935532329341e+00 -1.130592070194517440e+01
-1.729728760806142907e+00 -2.010071408630905943e+00
-1.258456936268007276e+01 -2.804375503439290096e+00
-4.225327603395514942e+00 5.233020596047615491e+00
3.276676983410649946e+00 -9.735752021302465309e+00
-3.887535191152462488e+00 -5.232613980015710986e+00
-8.450775345182661269e+00 -6.498239003906510547e+00
1.498055427276109297e+00 -1.806338671902967263e+00
3.954139377858442161e-01 9.732542586842761523e+00
4.162831172566137661e-01 -1.075748255214130822e+01
