-4.956071689359593080e+00 1.151408612114429353e+01
-1.043678515021242248e+01 -7.832322099563995277e-01
8.057651393168015375e+00 5.862106373719830010e+00
5.622757660862377271e+00 7.368250378585519123e-01
-4.101782061528701284e+00 -4.149979853361842608e+00
-3.646536456655569136e-02 8.077447001281580219e-01
-7.899883311617034387e+00 -1.129559907195525703e+01
1.029583162759684711e+01 -1.053631617770654572e+01
-2.096230151161212696e+00 -1.268387387838077629e+01
-8.699089437014404069e+00 -1.215056844687260096e+01
-3.951490458921829596e+00 8.811847404065989764e+00
-1.080553712448656611e+01 -1.203179306365951007e+01
-1.038092377021845358e+01 1.103330648700099914e+01
-3.382352018511737057e+00 -2.205802284008536951e+00
-7.028015841075787584e+00 -1.563991349585092561e+00
7.268379915098048372e+00 1.656770975911600940e+00
-5.156843538577271957e+00 -5.320500597564157275e+00
-3.489832799885645986e+00 4.647365445173466725e+00
1.693896687168944482e+00 1.050170109913225502e+01
1.259326641724829976e+01 8.784997209687899655e+00
9.767360137976375256e+00 -3.856097191386162137e+00
1.192407303166306498e+01 4.971314589870195810e+00
-2.670724397840765540e+00 -4.982068778639475504e+00
-8.522170713426598709e+00 8.804843236994615907e+00
7.908531089644682766e+00 1.200212913635329670e+01
6.689331862220729841e-01 -5.293149910636429922e+00
-1.185836055537662936e+01 7.820343385977273520e+00
-4.188032041258096250e+00 -8.021989546070628307e+00
-4.252592055506413615e+00 -3.100004689890841991e+00
-6.837012982881177869e+00 -1.128815971775978255e+01
8.195461635867353323e+00 -8.384770959541461011e+00
8.182899768205443181e+00 -1.258184586661602822e+01
-3.903756481911034193e+00 9.859868925219350544e+00
1.115791090641130268e+01 -1.235515449986245295e+00
9.145069076624912086e+00 -1.161621264617301108e+01
-6.123267420785743376e+00 -6.518750652618532371e-01
3.036408935811047982e+00 2.938503077697876442e+00
3.497322906683062449e+00 9.010129659454507944e+00
-4.718978433401277428e+00 5.354144726350480887e+00
-8.542038815207301239e-01 -7.395757749948834725e-01
9.829224407713777367e+00 -8.511111264924004161e+00
-8.657245687614292251e+00 9.831173236825492268e+00
1.118255099799165819e+01 -1.255123390237856107e+01
-6.062116219241299397e+00 7.136438482462904354e+00
-4.682185899827139508e+00 -1.253481826132557764e+01
9.511274258128553427e+00 -1.701647355468137446e-01
-5.528501701750843100e-01 1.113083964672599002e+01
1.250134295494727432e+01 7.438996410860647224e+00
1.136469695787008938e+01 -6.895678969703957328e+00
5.049139290793361212e+00 -1.078828390534586923e+01
-1.146584951501922767e+01 9.015776774509607350e+00
-1.092028759371050262e+00 -1.994614599028358359e+00
-3.853671251057565250e+00 -6.339579385915180332e+00
-4.992158349880623014e+00 -1.138081674296118706e+01
-1.184883746112848790e+01 6.652151053792806579e+00
-1.888602196515126508e+00 1.190607839160727366e+01
1.126036068304127724e+01 1.571452810066646666e-01
-3.083831749602645278e+00 -1.209907600314736342e+01
-5.392515820403398941e+00 3.355004529308848849e+00
-7.871748670183811747e+00 -8.847431107417349505e-01
-9.847956942732064789e+00 -1.612846840294485551e+00
1.506730492658114873e+00 -3.052540109173348615e+00
-1.242127016711417831e+01 -3.644893095413722861e+00
1.769232172872395648e+00 5.081025635106791505e+00
-7.783540055355297582e+00 -6.295963143856522670e+00
-5.053905884954939864e+00 -1.698272536485938344e+00
5.667921180817575566e-01 1.055176918550683496e+01
-3.740277498282602142e+00 -5.299844125223747149e+00
1.038271764520954754e+01 7.219765689795151209e-01
8.530745756253946155e+00 6.910640873759318126e+00
-8.707197270797772504e+00 -8.978977232055127544e+00
4.572253162948789473e+00 8.623094914971765945e+00
-5.211290797106888917e+00 8.540969279393207714e+00
-8.748482529429015386e+00 -3.641748102284438460e+00
4.115646388737810746e+00 -8.659476113357685634e+00
6.854877323963241231e+00 6.141327147276300025e+00
8.350651946888040245e-01 -2.076562562615035912e+00
-1.452210254051287786e+00 1.756413722125178323e+00
-2.464118945880799050e+00 8.436869911315026727e+00
-5.116623709379157781e+00 -7.481804386569441689e+00
-2.697037371764992031e+00 -3.720835138737804026e+00
-3.902067268168298853e+00 1.117379686846876830e+01
-9.855547523369390106e+00 4.659471451108169404e+00
5.187209783613114134e+00 1.238204823572940327e+01
-6.324265396779117587e+00 8.236396403936703692e+00
-7.880026360880974856e+00 2.467915191664515451e+00
4.718408308913179638e+00 7.418346683188016932e+00
4.622720337796835111e+00 -3.237462769046625777e+00
-1.098125990945908015e+01 -2.050589558800881118e+00
-8.522631520495048463e+00 3.364334157113304968e+00
-1.136767091688303566e+01 -6.972726739984405953e+00
-2.361107314936981894e+00 9.606683836822497824e+00
-6.417283987357853547e-01 8.061123543671866898e+00
-1.097154811132876873e+01 -4.402079221256226305e+00
8.779053826729354526e+00 -4.914556282319743730e+00
7.886699831537315575e+00 9.700319816868168132e+00
4.493615967939410538e+00 -7.652452924662994649e-01
6.229419165291734117e+00 8.773000086333423653e+00
-3.602491303294753422e+00 1.617419996137103411e+00
-8.852334563929161959e+00 6.571115795861627973e+00
