-1.312643356132276784e+00 3.976084726769065991e+00
5.280271808823366442e+00 -1.737676781585284047e+00
8.290608743627483790e+00 8.455899166208533657e+00
7.126482432127341227e+00 -3.463413442917547824e-01
3.417354367855267139e+00 1.249911935103809935e+00
-9.949077004888527753e+00 7.276471490833861466e+00
-4.575216852794367739e+00 -2.625025983832880883e+00
3.204028003684076698e+00 -9.963575921777550803e+00
1.007018928151003401e+01 -9.250902106073517928e+00
-7.743036308218233188e+00 3.197639324247879333e+00
-1.750358239404548488e+00 7.595111388877445080e+00
7.515638112731545917e+00 7.427672562283817115e+00
-1.100537829995231043e+01 9.387303976048411158e+00
5.506937886566060092e-01 5.798019700784682762e+00
3.979119334812109443e+00 3.323421393000928870e+00
-9.809490988456746052e+00 -2.331826723051884542e+00
-9.967367717411285355e+00 1.052055919055200484e+01
2.946629734575100468e+00 1.037694255861113390e+01
2.584868732858806251e+00 3.145156460835100365e+00
-6.618198295683180632e+00 -2.195850173332071442e+00
1.022143646823877994e+01 4.880137603377705524e+00
7.624014504549190718e+00 9.105767916705950427e+00
-7.305421552656030215e+00 -6.386056825428673811e+00
-4.862080510372887021e-01 -9.700667204937182930e+00
3.260182390435134359e+00 2.271856507032441463e+00
-4.382237414862800051e+00 -6.682684847376433090e+00
-3.614922578977207923e+00 6.138736049799251582e+00
6.262453454549601339e+00 9.364208616094188642e+00
-7.278749158066267988e+00 -5.345761096099542087e+00
-1.574819368845691070e+00 -7.491544163922913668e+00
-1.058532342278658689e+01 -3.057951617766896391e+00
-6.204619943895013645e-02 3.145367273669602337e+00
1.379531250777306317e+00 -6.614926278247057922e+00
9.538504488337151699e+00 -7.012551205137293131e+00
8.966248184635068341e+00 3.492266431366328749e-01
-4.314131026421108572e+00 -5.361845703450552669e+00
3.346561405357415975e+00 -1.003841869264790132e+00
2.243902880322516058e+00 -3.705207895565988618e+00
6.445786599836908159e+00 -1.047960243210465059e+01
-4.415370272331968771e+00 9.849953893091996093e+00
4.576541047825665842e+00 -5.069722308168517877e+00
6.217725449789483605e+00 5.196849186126928366e+00
2.990031583223790257e+00 -2.070509870578849387e+00
4.410150583638751343e+00 -1.088630550585811996e+01
6.873784186581236355e+00 1.053438913705554292e+01
5.566131833709870413e+00 8.513850910614896961e+00
-8.242923725406227087e-01 2.316877479809078100e+00
-5.351130121475255130e+00 -6.989457228830071145e+00
6.776441568230101353e+00 -9.346764524062457724e+00
9.791377579063469838e+00 1.028720439874648562e+01
4.614922839312741054e+00 9.222929946877300722e+00
2.049455795624113730e+00 -5.605588080513951965e+00
5.349673852641115168e+00 -5.321529774942818092e-01
4.934205995884174634e+00 7.334447315928572131e+00
4.989729642070675375e+00 1.714960179210786251e+00
-5.099629268333811360e+00 2.915622058448350096e+00
7.103279100199556773e+00 -4.966220029643281464e+00
-2.644962228183286079e+00 8.854849504204217681e+00
-8.397661687287996113e-01 3.169893942434220957e-01
-4.375655907510084042e+00 1.273057937642190662e+00
3.919768341872446715e+00 2.018695524256328144e-02
-4.456326798311537551e+00 4.994424251770329448e+00
-3.385240848636142275e+00 -6.759285702678568875e+00
3.013480720596448670e-01 -8.575482661504160831e+00
6.568185180880852236e+00 -1.143805680935682467e+00
1.256087013531613783e+00 -4.814238668960063805e+00
1.543972360870812688e+00 -2.396631377057407697e+00
1.033788825776607112e+01 2.220746524433263591e+00
-7.591830019979977084e-01 -5.821510334160871381e+00
-1.374002297343363266e-01 -2.887605417289885956e+00
5.561453341661102279e+00 1.043196301579419938e+01
-9.246062254294823646e+00 1.250482889334484093e-01
9.166767933136867441e+00 -8.098869486126725192e+00
-1.658238769271425772e+00 1.037877720858445318e+00
-5.783330152501028998e+00 6.188859267229918082e+00
1.016416473158536604e+01 5.973254254026553411e+00
-6.714120738519648413e+00 3.756968569683319714e+00
-2.840012726836459223e+00 -9.981560387622728570e+00
-7.280333840374306753e+00 -8.805008631415855547e+00
-2.383256678547740925e+00 1.076446533254495463e+01
1.184722352420396474e+00 9.429481052642383787e+00
-1.048679552197765430e+00 -4.230694020362105512e+00
1.542664400703375627e+00 3.440481412739337053e+00
7.620998778045261268e+00 4.093977808711432687e+00
1.835233256064772389e+00 5.248205144077536133e+00
-1.661337433139181696e+00 -7.427584133385851661e-01
-5.883875487861355502e+00 -1.264224817890285069e+00
-7.320326834469088162e+00 5.249295674631273556e+00
9.153459812419621144e+00 8.864298093558339531e+00
-6.078482911090281604e+00 8.743914393736231361e+00
5.386826158421182953e+00 -2.705690024336482313e+00
-7.975582118619248817e+00 -2.006606115138973578e+00
4.168338994018374599e-01 -4.329265699592385608e-01
1.219382122013330960e+00 2.456057668434568075e+00
-2.367930729820988400e+00 -5.686869508821561503e+00
1.943932574956863668e-01 1.010296946396113427e+01
9.020209162201886954e+00 2.587957207731141906e+00
-8.796892027089139532e+00 -9.037517104235346821e+00
-4.528020048391582009e+00 2.411312011551158818e-01
-4.776098862103172138e+00 -7.969529384163529961e+00
