-2.173818979268560270e+00 4.981437566266047057e+00
-9.123171217570900993e+00 -7.592958750582297078e+00
2.276614815780676704e+00 9.774445645550908779e+00
1.465796119260883712e-01 -4.998441393662606202e+00
-5.146601219666446347e+00 7.984783646367472620e+00
-5.404155957717902581e+00 4.858514434957134753e+00
5.499745334878471503e+00 -7.391851284876134187e+00
-5.771574400961263507e+00 -1.217358781300589943e+00
-2.778819279158968314e+00 -4.290736639269092656e+00
-1.040494053614829273e+00 6.029232107019753428e+00
-6.353800679551071084e+00 -1.040261224675261786e+01
6.026901329366307181e+00 5.023153448968845858e+00
-7.208771946829377164e+00 9.440964706009202345e+00
6.371630246090925098e+00 7.656333573615177635e+00
-2.627854157720705519e+00 -7.474393746687512774e+00
-1.019893735336050788e+01 9.489919125600534855e+00
-2.302784702176592369e+00 1.766324579222200652e+00
-3.489517668166392639e+00 6.560022620645806768e+00
-4.155499210486055972e+00 -1.045788861540063408e+01
-1.079446217846134282e+01 -9.577229696700245043e+00
8.881755672387465772e-01 6.846584035212030628e+00
1.013106539069325240e+00 5.689961487345263969e+00
-1.072754498054828787e+01 -1.095654068145199744e+01
-1.849318982415501633e+00 3.089882223625204816e+00
1.502186325841511572e+00 -5.468223366791323592e+00
-5.201575534082418351e+00 9.193026000178690538e+00
-1.885130130991070185e+00 7.036491018722979440e+00
7.371136985307316536e+00 1.091971883648775155e+01
-1.003228329631527949e+01 5.956916042594804672e+00
-5.131021027857870287e+00 -4.736441879801877697e+00
9.881235777218771332e+00 -5.176701121361348967e-01
1.082984397496936602e+01 1.720056066615347767e-01
4.113919023561075861e+00 5.751883981456134443e+00
-2.397823402852205188e+00 5.979816874855274023e+00
-6.369293057735214703e+00 7.824663668569305841e+00
-8.809847231217984742e+00 -3.550996343863661031e-01
2.708582602808082829e+00 8.890618528962543010e+00
1.487770013550966386e+00 -3.836985952024031032e+00
6.042297201446233501e+00 -9.616057188901212527e+00
6.601805839032240719e+00 -1.713772334219880067e+00
8.417929058603251136e+00 5.979524271351515985e+00
2.561083877947639476e+00 2.274754422787773844e+00
-7.055868055405609240e+00 -4.448253471655524649e+00
-1.017726879997909034e-01 -6.110928943681739334e+00
-2.155212445206060146e+00 -5.565913944422480775e+00
-7.124239278475624992e+00 -2.719532855039916153e-01
9.356089518304804287e-01 2.350645250929740193e+00
5.303002920093613071e+00 -3.941427086971367455e+00
9.194224363013221435e+00 5.112569632888301463e+00
9.853533070934116012e+00 7.562675413676556602e+00
7.670824772938297231e-01 -2.224087212975273342e+00
1.048033338389515023e+01 -8.059885354192269702e+00
4.244428636787599407e-01 -1.024001366304658589e+01
8.625420806499727311e-01 -6.508543425396402959e+00
-1.453119753366517219e+00 1.004154324360871620e+01
6.985940259021374388e+00 6.492885377145141135e+00
4.687073347931449696e+00 4.954858041210737696e+00
-4.865293522894783784e+00 -1.886678673688830132e+00
2.802718537579512059e+00 3.819054083804431343e+00
8.149785212323486405e+00 -2.954625970415706071e+00
1.851731162361585525e+00 -2.032177451422727099e+00
8.205217478173836287e-01 9.741594306404730119e+00
5.252238537772388582e+00 6.151822510551262724e+00
2.799978987873358083e+00 -3.103092630797402496e+00
-8.969440645290319480e+00 -5.176155883709994576e+00
-4.110252925571131755e+00 6.684327309724369393e-01
8.965064508016075351e+00 9.138466634853781301e+00
4.800691247873707379e-01 -4.000803762212761683e+00
3.848532874939138537e+00 -1.104814059095013867e+01
-8.456680217168738523e+00 -8.802259091368821231e+00
-4.306913352035072196e-01 1.009875980440216203e+01
-7.593608547066529546e+00 -1.095844135630379590e+01
-7.671143195651064062e+00 2.225903098854193907e+00
4.204271119466015172e+00 -2.970263798561116442e+00
4.557171679432608258e+00 -7.793569258485888440e+00
-8.379429869488086435e-01 -5.375290745274066140e+00
-6.259591787653166151e+00 2.719421927644035897e+00
-4.904532077920487065e-01 -1.083417060836790036e+01
6.842287425461563544e+00 9.812853049917174886e+00
8.960457621883076484e+00 -7.077233611627264054e+00
8.072434873521048715e+00 -6.009883464588560820e+00
-1.040759738852716554e+00 -1.367826691098469549e+00
1.067835847161240892e+01 3.329193514401788345e+00
1.078234608718261711e+01 -1.398407987312679346e+00
1.369146538004133440e-01 -9.091429433312492314e-01
6.715456827383008864e+00 -3.889652187518096937e+00
5.376372026575577223e+00 8.205114710528246036e+00
7.863437056746860776e+00 2.912352008640436418e-01
-6.567569068866226267e+00 1.039941441336106998e+01
-6.209589188453978892e+00 -7.086003647386082349e+00
-5.313218189911996348e+00 3.523246004543858945e+00
-1.054370710386257493e+01 -7.788459276875851600e+00
9.238513645809300456e+00 1.398132697181776685e+00
3.840147259482288966e+00 -1.861037080688363821e+00
3.385597117367456388e+00 -4.904836151596429161e+00
5.958053576091179693e+00 -5.180878572265164017e+00
5.295057474451395407e+00 -1.757724204015282066e+00
-1.007502038176717285e+01 -2.216261894944231703e-01
-2.383982931472536482e+00 6.574964967495802171e-01
9.576311979859847057e+00 -4.829146232127603078e+00
