5.173791523849780027e+00 3.884256849612583995e+00
-4.107151030252309987e+00 3.509329601811973731e+00
5.316731388833016325e+00 1.933528283526014357e+00
-2.337353201531322977e+00 -8.286484549524690379e+00
8.007362766788117980e+00 4.873071330036191640e+00
4.637114688555385555e+00 4.837603878746737252e+00
-8.173984063636352104e+00 4.126180421730771819e+00
6.570511771394969891e+00 1.878226261511195538e+00
-2.528283814519727724e+00 6.516309322199713705e+00
6.912605366851608757e+00 4.944592377157219332e+00
3.050286127950479820e+00 2.004075540822016777e+00
-6.909916401926634588e-01 7.690620577301109151e+00
9.454316734325983740e-01 -6.325848863027011326e+00
-7.367372849780906563e+00 1.247640728008988509e+00
-3.820530336424364126e+00 1.510284849695315623e+00
7.356037675952922683e+00 3.926264740976479484e+00
-4.860492674755821696e+00 1.283725803019617251e+00
-4.242292820805660725e+00 5.404766234402877068e+00
-4.775641661508383429e+00 6.461138127035264134e+00
-4.709603616733494924e+00 4.359522783352409725e+00
-4.563535196871996824e+00 2.410685277529618364e+00
-1.771954840344280191e+00 3.650778270317355023e+00
-3.352394725860976088e+00 2.647146649749080982e+00
6.908733402882906383e+00 2.929619696396670747e+00
4.063789477446984599e-01 7.671047513218702818e+00
-3.539765929388396959e+00 4.482298949814230049e+00
9.579234032555614675e-01 6.785549051319804903e+00
4.115087037531994341e+00 1.832808066893201193e+00
4.684827365450800585e+00 2.890052295402786520e+00
5.745419459094199155e+00 4.818608700475095930e+00
-5.884320740268250916e+00 4.284111869443663068e+00
2.169805845373468767e+00 -8.256965429720228400e+00
-3.558508904108341753e+00 -8.077352630124986277e+00
-2.888163893811886762e+00 3.645546867295899940e+00
-1.840949439530586096e+00 -7.301065580472913652e+00
-1.831568336916407080e+00 5.672491267387634650e+00
7.271512836242552957e+00 1.005566085106809116e+00
1.381278692784225548e+00 -5.336425572875693746e+00
1.517930531024970664e+00 7.759981908003635631e+00
5.851448931140636134e+00 2.948776545815022576e+00
7.705325174216051565e+00 2.173615098475457863e+00
3.438791658095136317e+00 3.033084428249815279e+00
-1.993637705181027786e-01 -6.216793896265824237e+00
2.171959874386022005e+00 4.863851161361441022e+00
-2.263704122060044011e+00 4.664597641535126904e+00
-3.033396020016222216e+00 5.555707169865417683e+00
2.755301137120925503e+00 3.973882752514435790e+00
-2.088588392018806972e-01 6.751575373238215327e+00
-5.987507458504738977e+00 6.267495794068669746e+00
-5.350736608787701520e+00 5.319362854293293807e+00
-6.178611280810652140e+00 1.302702005179797951e+00
-6.503931508402207129e+00 5.251595815836365588e+00
4.846414774555652949e-01 -7.301101255650034538e+00
2.734913802472539679e+00 5.934991919249913650e+00
1.083979167147627543e+00 4.803560269032296048e+00
-6.918341675353116393e+00 2.282265238354943104e+00
9.104409253209684305e-01 -8.276123850996924602e+00
8.201433893542269260e+00 3.244146601688690179e+00
3.825628997868274261e+00 -7.233274806513731114e+00
-1.488718765777556463e+00 -6.324231452521249075e+00
-7.510077911933317196e+00 3.172722556745881661e+00
1.246513708288059741e+00 2.842937750312691136e+00
-6.346431470119603402e-01 5.761308046549525663e+00
-1.922123907995029857e+00 7.565051454789042396e+00
8.322857281837812593e+00 1.167538752974880190e+00
-1.857712116386810164e-01 -8.272677462774824519e+00
-7.610301660034544113e+00 5.106181400554350880e+00
-1.266367376442056880e+00 -8.271665212273701329e+00
-1.365435762963998600e+00 6.733625557356273994e+00
5.733793060620435700e-01 3.851486458675358548e+00
2.364150484105630223e+00 2.885911066654436308e+00
-6.433736992590161741e+00 3.296773211205801690e+00
-1.041750522418367186e+00 2.758467357950682430e+00
-1.176609801930064814e+00 4.733003967876845408e+00
1.673707523289361010e+00 3.858692249842168742e+00
-6.924351951789367021e-01 -7.233671390010023572e+00
-5.264312070428524670e+00 3.348561180889289002e+00
-2.952266766861222802e+00 -7.119307489782663367e+00
-2.169029305958507070e+00 2.610362530882867738e+00
-3.743602459535826821e+00 6.360303563367975421e+00
3.477099784109954239e+00 -6.157886326971740765e+00
-5.731403352457399514e+00 2.302917236619689945e+00
6.573749252898031248e-02 2.923835204341432181e+00
2.680223839496120419e+00 7.719370501442037735e+00
1.624103176867801146e+00 5.822195869247459576e+00
2.735243414241795623e+00 -7.271203736361440129e+00
3.999805399515178994e+00 3.926851654316175555e+00
2.054852183916011654e+00 6.791447100708745133e+00
-5.286580275741641077e-02 4.777008868773682693e+00
1.630019174795415360e+00 -7.222696058211201198e+00
-8.097395055689673882e+00 2.220992392181044828e+00
3.283941437438166133e+00 -8.197177493908716528e+00
4.541532461874261406e-01 5.804560585368768066e+00
-3.053231208799529028e+00 7.543415838688427577e+00
-7.047396843770591168e+00 4.243359634835006666e+00
6.317350148959574696e+00 3.928999486594168644e+00
1.895619244174647333e+00 1.894080218797882464e+00
3.298021481640000196e+00 4.975427935555688741e+00
2.196343402212436402e+00 -6.240097287553902916e+00
-6.513278558905268856e-01 3.774324848842840030e+00
