-7.106467672652818202e+00 3.068771582360060979e+00
-4.194661678726177456e+00 8.561924960989735212e+00
5.547889378479315070e+00 -1.974295610186670880e+00
-4.844451484315376533e+00 3.529001363409850711e+00
-9.612465721805266483e+00 1.360416199715075436e+00
-3.957537077485788757e+00 5.654851915771592630e+00
-8.498780151558591456e+00 1.687887732169906174e+00
-2.114574723796810662e+00 4.991621604568967641e+00
2.310280640463370450e+00 -8.126833375415011274e-01
-6.352851645521432111e+00 5.127605458926767668e+00
-5.416800958821156975e+00 8.461114668379458692e+00
-9.169490510013531548e+00 -4.960828108768793321e-01
4.451576483853637356e+00 -1.703892193283567336e+00
-6.133797246686754967e+00 9.229259243583188166e+00
5.137813794103291976e+00 -4.982070424270269804e+00
-2.828494487899667842e+00 5.978633760610360781e+00
-7.684440397404832090e+00 7.845028757296923061e+00
-7.277432267518844533e+00 8.973609316170609418e+00
-4.506342744216706109e+00 4.524530690342912109e+00
-2.414318275001175795e+00 8.127971959174582040e+00
7.777504979416883124e+00 -2.479729146274954221e+00
4.067975866641829086e+00 -4.708749772642849329e+00
-7.902447295681383821e+00 3.820426347391721489e+00
-7.897311485105392492e+00 6.838885046531060219e+00
-5.648759172293061681e+00 4.318583214431459538e+00
-7.567072265130049935e+00 4.907316629720321899e+00
-6.786464513423559275e+00 4.102882478297318336e+00
3.008311774455915799e+00 -4.354162702055806911e+00
-3.773156396051818184e+00 3.696901023025979338e+00
-2.859301912996300654e+00 1.011956060943270330e+01
1.757183519986667886e+00 -2.781709142669213097e+00
-7.771529696163076650e+00 9.083588895123086981e-01
5.287689490656945601e+00 -8.226167230386097762e-01
-5.789748473648583804e+00 7.441956533450970745e+00
-2.141720861641935869e+00 9.357249755715457695e+00
-9.265362255090188626e+00 2.476185780145588211e+00
-3.181925833912326862e+00 8.892286876436582332e+00
-4.430854949907499396e+00 1.507727083543071611e+00
-4.634530882442332356e+00 7.568743091347004182e+00
6.018421449835278381e+00 -4.207981539555650130e+00
-5.162504095894539624e+00 5.443498003155702314e+00
-1.003879096190979858e+01 3.158723523405041256e+00
-9.413657098805980894e+00 5.416504253014090331e+00
5.848591691664548620e+00 -3.069737619135299855e+00
-5.133418535216819123e+00 2.404317013574938322e+00
7.478565585018205120e+00 -1.399345418486335424e+00
3.271932455598492329e+00 -5.455608317167381927e+00
-8.837953353993452055e+00 5.786668474829007591e-01
-8.051202052598279479e+00 -8.200461512194062719e-02
-8.335442720864010724e+00 5.759653931011582628e+00
-8.956905036720948843e+00 3.514884108765605308e+00
-3.905590005690545929e+00 9.684232484091884530e+00
-1.329611400796496978e+00 8.196149057590574216e+00
6.939845109081984376e+00 -3.383053036939794644e+00
-4.829047739024460384e+00 6.476921726955657377e+00
-3.967559302174376246e+00 2.617748584525414479e+00
-6.569104608151664415e+00 8.220465085309163200e+00
2.548061430135398986e+00 -2.055942525829682399e+00
-1.767206946260976297e+00 6.122626423739519375e+00
1.500809996786428568e+00 -1.614351589976169343e+00
1.849988238897951831e+00 -3.969223245915584286e+00
-1.031250487070773270e+00 5.253532582122975469e+00
6.292974092667678931e+00 -1.201934581047302109e+00
-8.654296527534562244e+00 4.662078963335644310e+00
3.563324815912061627e+00 -2.379007147223850094e+00
3.156477538836178987e+00 -1.529308910441681546e-01
4.210885369366121900e+00 -6.693497677047641758e-01
4.701729921494610664e+00 -2.777317185599174731e+00
2.815215743083836930e+00 -3.230544277949446652e+00
-5.501521742883890731e+00 1.408648908055092130e+00
-1.004663074179675952e+01 3.534886870056530572e-01
-6.638036705106045154e+00 1.089624738497690704e+00
-8.135453585930767062e+00 2.680140990022849667e+00
-2.599599514354044238e+00 7.073617178771159253e+00
-1.431706044934617950e+00 7.188654429251051248e+00
3.319754267453344454e+00 -1.294932560355800844e+00
-2.953090876540500176e+00 2.967061061069913741e+00
3.877130348595413167e+00 -3.662187702631529707e+00
4.893059257074393820e+00 -3.905350211210749212e+00
4.298128094916497055e+00 -5.973850594682363457e+00
-5.959540618612485297e+00 3.295676191716385706e+00
-3.452491600759260759e+00 7.737941792959964538e+00
-3.731653346051361009e+00 6.687838075555587736e+00
-3.076835884281986511e-01 7.606938826085191785e+00
-6.983875118714445440e-01 6.427629005299601239e+00
-6.809503104152812014e+00 7.113793863345160950e+00
-7.070872539926036815e+00 5.955263470511586554e+00
-3.242756597224084825e+00 4.798192319462281752e+00
-6.945287385560058979e+00 6.437392787691958995e-02
6.673564455562548403e+00 -2.333537867213651751e+00
2.202088671901837991e+00 -5.130380168016016817e+00
-4.952462963556365949e+00 9.470006215099724400e+00
-5.951217723445844321e+00 6.345900185412611805e+00
-2.628671571460114542e+00 3.952270012353232609e+00
-1.041697347016966724e+01 2.082458803541660242e+00
4.313090291667138310e+00 4.234433914701811186e-01
-9.101440144353865946e+00 6.588470124600525502e+00
-6.276756220450621981e+00 2.165423095818876487e+00
-9.800462806748745592e+00 4.282596240901107798e+00
-7.357252893203558131e+00 1.916749216315019710e+00
