7.697291786700480642e+00 -3.176634588968146655e+00
-3.766906552709380129e+00 -4.412994009961781039e+00
-3.214453249135195811e+00 2.089740928431390365e+00
-9.343249928490518386e+00 2.597198188802234409e+00
-9.715110725646217915e+00 -4.802748201770490333e+00
2.804574125609789359e+00 -1.819637207541441537e+00
6.947777007895969525e+00 3.733905566360712580e+00
-8.277922663312315521e+00 -1.527236009061943678e+00
-1.586442123780418489e+00 -7.674440323466134473e+00
-9.007192327456372993e+00 -1.008473176339754040e+01
1.904642027776043633e+00 -4.045929157967321110e+00
5.709554071683276000e-01 -6.318037868642068844e+00
1.085574917656343619e+00 -5.127863259668017371e+00
-4.289587260698964677e+00 -2.259667049269423966e+00
-1.141864748056609091e-03 2.895831045258171255e+00
-9.683526734766296329e+00 -2.016879341264229630e+00
1.005221712249513999e+01 1.566966612236271317e+00
-1.094175743711045090e+00 6.710773312374032074e+00
1.004765291462574694e+01 -9.763835544256403765e+00
2.531109769046421487e+00 -8.901108281707358572e+00
-1.586853530713037141e+00 -5.341764666949607943e+00
-7.178989049439308268e-01 1.816452657878785404e+00
-4.888745102814698207e+00 4.996843377438949574e+00
3.406354057417888548e+00 -4.577282174951734284e+00
7.196679329888467258e+00 -9.091022711737457129e+00
-7.824965026112180588e+00 -4.147371404682057006e-01
1.105950687588729586e+01 1.214090813558762472e+00
8.957571033759945678e+00 7.957911170998063222e-01
-4.985968342198695780e+00 -4.189122688006079009e+00
-3.738730215222230147e+00 -1.088605062365558318e+01
9.718625696395790214e+00 -3.650822015116515828e+00
-2.300766485226453995e+00 -6.203985180119809151e+00
-1.111408190695816600e+01 -2.369971612030621788e+00
7.197150361938740915e+00 5.410596652820149899e+00
-3.490423866444547940e+00 1.029853216482910483e+01
-2.549953729402496982e+00 5.962982409307671539e+00
-7.182050050000033714e+00 3.404997696275359864e+00
5.054798073515149426e+00 -7.970701439728989257e+00
-9.454426697895469189e+00 1.086287655670179753e+01
6.376757940107733447e+00 -1.103842119325711124e+01
-1.854637999293490269e+00 -1.705906115519446042e-01
-4.861037492432163987e+00 -1.070708291033536241e+01
4.641799824672359520e+00 1.966841264847971837e+00
3.259518695416808054e+00 -9.961802775080091266e+00
-7.506491338884939246e+00 7.339885330096988625e+00
2.600226704573752823e+00 -6.351176679665437419e+00
5.174849888441526158e-01 -9.840760820289867761e-01
1.117764250879222132e+01 -1.004256902718597821e+01
-4.979371256716158101e+00 1.053711040321729620e+01
-6.289349919918733711e+00 1.086350160140908194e+01
-8.018618820557810167e+00 -4.069065248660198364e+00
1.083929649450321442e+01 -3.217057777709641186e+00
-1.017481824308537242e+01 -9.878645584600377560e+00
3.473941981991456540e+00 -1.101254823707673047e+01
-1.016145505346232802e+01 4.290028685888357396e-01
8.687104848476471020e+00 -8.869051943825535744e+00
-5.977799847830642221e+00 8.782970435833339806e+00
3.643370774179502281e+00 1.445651603035339461e+00
6.199430262370157152e+00 6.050460101863048834e+00
4.699268580570224785e+00 8.820946158053767361e-01
-6.033454454658965238e-01 -1.594323547454788159e-01
-7.580100520472388581e+00 1.002421106646526638e+01
-3.960224880803084435e+00 -7.878065958244214961e+00
4.919664695879643723e+00 3.034130876037691493e+00
4.362323171665650534e+00 -9.405066279190362977e+00
-1.178013156661330108e+00 -1.372321938860429080e+00
-6.352295219818421934e+00 1.551400311198083415e-01
5.993395887138889044e+00 -3.512711827491822092e+00
-7.245386571708875012e-01 9.361046664417349561e+00
-1.008366357905100408e+01 4.158222323838750789e+00
-4.929309643232561378e+00 9.442110110886519081e+00
5.873749548783453456e+00 8.438716119619328992e+00
-5.194708507577177059e+00 -6.957034855632241666e+00
-3.917384452071788203e+00 9.189272375550416427e+00
-2.444929493249479613e+00 1.005220889272231588e+01
1.837001256318677278e+00 -1.104629767098499826e+01
5.097332354866866311e+00 7.582517778020439358e+00
7.714276534783445882e+00 3.080841189287802706e+00
4.989751719405229657e+00 6.476524280149117629e+00
-5.409707600268760075e+00 6.950560008543162915e+00
-2.604417406021796388e+00 7.390782564214719130e+00
-3.439563189384765352e+00 -9.424923767122690421e+00
-6.513137861391983030e+00 -3.760623862594449474e+00
9.554581362603135730e+00 1.046471818567644974e+01
-1.115964579230298703e+01 1.041809137928412454e+01
6.927712521225572573e+00 -7.781279818637084622e-01
-8.922502002738182725e+00 -5.563556205893316786e+00
7.470025042615943356e+00 8.683820663624338465e+00
8.584616551150374697e-01 4.272183498564752213e+00
3.016344143603263195e+00 1.037420205940563989e+01
9.124729957307790684e+00 9.114505516082356706e+00
-7.237214248958172558e-01 1.109959420950158915e+01
-4.422220519325070320e+00 -9.679203989812673825e+00
4.537138602647864616e+00 1.116000204275521135e+01
-8.704559532725692605e+00 9.543312589460059669e+00
1.096840354484359636e+01 -6.587044612171880864e+00
-4.472068095474402760e+00 -5.164773930436979299e+00
5.082182437457548829e+00 -6.622599776875190081e+00
1.542805944325020828e+00 -1.952011231414339409e+00
-8.255832869394762241e+00 -9.050453750988214807e+00
