6.965707751413393822e+00 4.311356331113507245e+00
4.931698178720038683e+00 6.941250836064702057e+00
6.233990216315210553e+00 -5.992215254073515851e+00
-2.667966263340650901e+00 4.526528937161930166e+00
-4.113770536986733006e+00 -1.710606939249460279e+00
6.407237377924287713e+00 4.221541976723124812e+00
-6.595416761589492083e+00 5.045556195768868157e+00
-6.866596398126616485e+00 5.922090471343061324e+00
9.408631206726266738e-01 -1.933247923036097493e+00
-2.231193269318442418e+00 -2.389286135060551430e+00
6.915968144396356543e+00 2.927791382412380017e+00
-7.029004227780367486e+00 5.499800788913741911e+00
-7.005655585298250720e+00 4.933736707697628177e+00
1.571488152059562715e+00 5.605149157191661402e+00
1.579859192691741798e+00 -3.275042754858441985e+00
-6.378447309002435617e+00 -6.255502679735973626e-01
3.685408507996296379e+00 -5.314341336544817551e+00
1.544651057931664129e+00 -4.133202309429330867e+00
2.888145533780229535e+00 6.683487826431207424e+00
-2.295898760321047671e+00 5.226711146260460517e+00
6.560592850816483690e+00 3.855434230900632198e+00
5.519512546601735181e+00 -3.738080523592495763e-01
-5.984742943668889481e+00 5.411195982619563694e+00
9.258401667430381510e-01 -1.030590211565148850e+00
6.496740735472896766e+00 1.541664194537688992e+00
-4.257714734858625505e+00 -1.314839438970046404e+00
-6.282468549943091674e+00 -3.707548101185422634e-02
1.763421748288448998e-01 5.909408726100719100e+00
2.760381651294574912e+00 6.838885851815680539e+00
-6.312537525823411322e+00 -7.320775978921878480e-01
-5.255934154481964882e-01 6.742313749992229432e+00
6.746217588091348638e+00 -7.731170523550019436e-01
-9.992353409307542789e-01 -6.441074442794774590e+00
3.899224961803293255e+00 2.149152429980574208e+00
2.418943968272587952e+00 3.985254649925416004e+00
6.046129233585141094e+00 4.549157893952791909e+00
-6.656511786541495113e+00 6.556783983912279012e+00
-3.163408573188777329e-01 4.787573528340496765e+00
1.244858727138158927e-01 6.138998670331391239e+00
5.929178953318436029e+00 -4.438875548017057859e+00
1.433191366460785154e+00 6.137370857477265851e+00
3.381200856292549961e+00 -6.757862345518248937e+00
2.423853226884630896e+00 5.410115354437406987e-01
-1.840033670345710304e+00 5.854826803858278694e+00
6.859543309934371003e+00 2.443223732759962630e+00
5.949657451965056687e+00 -6.409850363028511744e+00
3.153739847491582093e+00 2.044410845767730578e+00
2.243389920261784909e-01 4.864714184777264805e+00
-5.704726932896792668e+00 6.973167744401941315e-01
-2.043538234821008270e+00 5.189594077246587389e+00
1.681405252281608309e+00 3.050564479942063478e+00
9.279278110164657090e-01 -4.580283611740323835e+00
6.842741623405716567e+00 2.310650004841940941e+00
6.856913774623090596e+00 -9.644642625588026874e-01
7.062006630381294059e+00 -1.685004979901685962e+00
1.895910913826343247e+00 6.376012325596323471e+00
9.892435878934691118e-01 -4.189699505947077185e+00
2.676869891118611289e+00 -4.093203316481944576e+00
-1.002646135705391739e+00 2.899165644538610032e+00
6.367445946941449719e+00 1.860860222846573597e+00
5.506551188121853180e+00 2.346883085521658696e+00
1.904782438168996395e+00 2.786601932994817066e+00
-6.268681834549222343e-01 -4.186912116841944531e+00
1.801713681012528712e+00 6.672139605779656257e+00
-2.667647119806756617e+00 6.802333962879610674e+00
5.046476030846135608e+00 -6.768623408117931284e+00
-5.669636028643957104e+00 4.405038281477438922e+00
-2.300283203820800093e+00 6.774548749164942762e+00
1.577647793233276641e-01 2.524149285495333572e+00
3.321755599106806844e+00 -6.730801368497878023e+00
2.603177892009537864e+00 1.983507702457098842e+00
-4.827168418161728702e+00 -3.976605316084051989e-01
-6.328624868925087021e+00 -2.805495921788886626e+00
-1.998028038856466404e+00 6.462039519452408065e+00
-3.545433265884108121e+00 4.018051257117326358e+00
-7.788935326965398254e-01 -6.571583715267057535e+00
7.038281776606207352e+00 2.347726034540742468e+00
3.478677767599504200e+00 4.278936345936768526e-01
-1.454394520650719835e+00 5.081917711019035444e+00
-3.033813908114827651e+00 3.584912461753873902e+00
-2.586644585962203369e+00 5.736331689414349455e+00
-2.773056551485749921e+00 -6.666866104804076265e+00
-1.635117995937358071e+00 -2.563865285770577707e+00
-2.169396309120768862e+00 6.791167919546005294e+00
5.298417230741256034e+00 -1.585455925928006771e+00
-3.893619920260554146e+00 -1.792685661062996649e+00
6.793395326123206068e+00 -4.970073471531617493e+00
-4.439103867503844114e+00 -4.851193087164993756e+00
2.162573150097946983e-01 2.425602387528433823e+00
-3.594346866426811893e+00 3.453024685482596112e+00
-7.239703143107463212e-01 -6.359648949569324472e+00
-1.099029126825559199e+00 -4.482249756584989697e+00
-4.402273925555610035e+00 -4.316772056357758736e+00
3.746117094593497399e+00 1.489104873976580201e+00
-5.689223007337355753e+00 4.888791773885574621e+00
4.917494875580953106e+00 3.982732597104439609e+00
-4.190090318700905314e+00 2.284049613120607558e-01
-9.919012558187103590e-01 3.042011626284818249e+00
-4.702885084884193212e+00 -3.622888423152566872e+00
2.940129778440795150e+00 -4.039239244432237363e+00
