-8.733572643691765336e+00 7.223690221356752872e+00
3.312913990484669391e+00 6.469412761002136136e+00
1.592531965356750456e+00 -2.724608783339341200e-02
2.172491768120520028e+00 8.070242760013361050e+00
-5.340077896177614747e+00 3.348092408799115294e+00
2.078605177503965784e+00 -8.375666324417608166e+00
1.212427227284897047e+00 5.489020032565568030e+00
-1.519517004513518232e+00 2.402899142799284515e+00
8.907285865670029779e+00 3.311886189491791033e+00
-6.034447344871551877e+00 4.098276465515281686e+00
-6.850866807761666344e+00 3.417843819878005451e+00
-7.759952728886513995e+00 6.373266432291169181e+00
-2.922123397435114622e+00 4.916934632863687149e+00
1.990720813035748105e+00 4.703298505835785903e+00
6.347704643777876576e+00 7.039799167007348757e+00
-8.447648512618586736e+00 8.502289224069382811e+00
-6.929120674758866283e-01 5.777772187235362011e+00
8.729911441286130724e+00 8.052983612007814429e+00
3.342235127890194502e+00 8.066825950731113082e+00
1.468648366361200219e+00 6.710537592686329766e+00
5.215119151922736229e+00 -7.715517850649461273e+00
2.629481540449573052e-01 6.375396262930970170e-01
7.283474767961758189e+00 6.487719837492122110e+00
2.882566247072524401e+00 -9.086338959211550659e+00
1.447732971015728953e+00 -6.943984979320914519e+00
3.691624766588561979e+00 1.415645970302380929e+00
4.457057962478229385e+00 8.413311818879503079e+00
3.960363622116414017e+00 2.538436556850091286e+00
-1.093557123168654277e+00 3.568515274857513742e+00
-3.594481296592467512e+00 2.870166935288600563e+00
3.017490453473141265e+00 -7.920182919132313870e+00
2.843056040205080848e+00 2.602814543334091901e+00
4.075287459833899284e+00 7.245635439022202640e+00
-3.775407056272535478e+00 1.702145506923952833e+00
-2.694980673350017675e+00 1.906157408709760803e+00
1.202825661653262046e-01 5.088597378826366757e+00
5.263544807139711068e+00 7.559452778969910192e+00
2.539834106447835360e+00 7.106908428956232981e+00
-8.586558446783989496e+00 -8.535662285298551311e+00
6.073705174064721213e+00 8.192905603098639133e+00
-6.690571228307229390e+00 1.368990522613555028e+00
-7.788173442797685198e+00 2.548254742062404432e+00
5.266564949548781627e+00 -8.935248480416561279e+00
2.571633739138269092e+00 1.235237807364450546e+00
-9.002966004316544091e-02 3.929041295588620919e+00
-1.868208134239242701e+00 5.433708743570564437e+00
3.977501414139178237e+00 5.553121110693917117e+00
-6.581124750384748090e+00 9.072889937165102836e+00
4.006994555451107942e+00 3.885651846748339189e+00
4.495450496253607375e-01 6.348239392224174438e+00
-6.611974123290612404e+00 -4.151260552051565078e+00
2.254484707433744295e-01 -4.555863856932549916e-01
-5.274604719927795671e+00 5.799022374498582266e+00
5.810515961908932603e+00 6.070565799383754957e+00
-5.207174591651912987e-01 1.536637042313821366e+00
1.822032199333206925e+00 2.114586979407529377e+00
7.135805355810009409e+00 7.831124841870388487e+00
-6.174449591902782863e+00 4.638671199925215038e-01
-8.204021386428134166e-01 3.744227378436216780e-01
-4.309854617820659151e+00 6.292669014775274405e+00
-8.874123743800412356e+00 6.130125329581721516e+00
-5.393030046535956856e+00 1.398541953825655160e+00
2.273358941769500152e+00 5.915815509434779074e+00
-4.593950674942117729e+00 2.546071209615555553e+00
-2.170880107942234183e+00 4.082358145563064866e+00
-3.232101845790145145e+00 3.868303749166611460e+00
-1.631978057500624857e+00 1.202500442231572597e+00
4.849062620904521559e+00 6.536829361209953504e+00
9.417281834035403643e-01 2.965617886582919471e+00
-6.142893898489155902e+00 5.145883831940211373e+00
3.102857876937633819e+00 4.898813650604882497e+00
-7.452486399680940288e+00 7.686050997505389226e+00
1.046772130909219722e+00 4.166498405778535918e+00
-7.051077685226222691e+00 4.495918732745460389e+00
8.551495680905830454e+00 6.914165803473461658e+00
4.866261816951686470e+00 4.639886796621786047e+00
5.806973101479773192e-01 1.933498766130746116e+00
-7.917411390704511831e+00 1.085285633202204281e+00
-5.011996344776343371e+00 4.701779012487620868e+00
-7.984235623010842886e+00 3.741376528938115786e+00
-6.142851866729961863e+00 2.482545993764618153e+00
1.444203122467123901e+00 -1.095147989522758492e+00
1.360543574786221122e+00 1.109848104356541132e+00
-2.457674905022642520e+00 3.018413879647309894e+00
-5.032643934275590425e+00 7.414970142578333423e+00
-4.444171583668557801e+00 7.675564618280485973e-01
-3.648950501068039531e-01 2.784553976610701032e+00
-5.646683215232064512e+00 8.295136297718253005e+00
-8.090001794261999279e+00 5.233896059807352508e+00
4.235058082340705354e+00 -8.132837620162996828e+00
2.009488381543824254e+00 3.270760325666326462e+00
-4.320865580415691909e+00 3.821457564408628826e+00
-2.877905176740203075e+00 6.102975818551407805e+00
2.919480524075117156e+00 3.866444824796509749e+00
8.740972949168133610e+00 -5.653025938748154289e+00
-3.862294929698349755e+00 5.213091169516866685e+00
8.685090037836758370e+00 -8.947329609230205705e+00
-1.108969379903393948e+00 4.622074948370293868e+00
-6.434309269887475757e+00 6.477022063560180065e+00
1.001221994554570616e+00 7.645799608954812143e+00
