3.113243809851460320e+00 5.195935031016382766e+00
2.134384690725138700e+00 1.260580906897737830e+00
-1.709422414993035932e+00 2.864489649930776149e+00
1.321475065828863649e+00 6.979955552963820864e+00
2.652149384262225240e+00 4.172920670687364719e+00
7.737811902131177533e-01 7.864817425078872049e+00
-5.330107111241360940e+00 -2.823239182737226738e+00
-5.898919908274278256e+00 2.391574105053396959e+00
9.836382001820248577e-02 6.847360138082277281e+00
-3.266398116982545563e+00 -5.570240076772371651e+00
8.268027850017331204e+00 -1.075821142889157755e+00
8.237719298531786194e+00 2.304208073352209674e+00
-1.436107720583155611e+00 4.202356682776302144e+00
6.529824063613760110e+00 -8.197602872176252831e+00
5.521918238425072012e+00 -6.196960291335039450e+00
-3.267727765323844569e+00 1.241529483466984551e+00
-3.058447935502207393e+00 2.395269911821449771e+00
1.604794619792884625e+00 -1.032501882318670461e+00
-7.206512510248933800e+00 -6.088217334040092688e+00
-5.886428909896643802e+00 -3.841258852817368119e+00
1.823645379751620110e+00 -4.155304363074932006e+00
2.442177774070897200e+00 -2.491063092216918129e+00
6.774796207698171813e+00 -2.682775555909247434e+00
4.773235323984579281e-01 -6.769118040297659178e+00
1.233859549127299671e+00 -5.066348913862601222e+00
8.085389295280975830e-01 1.946249763154098034e+00
3.378449185981474034e+00 -2.091142399471323188e+00
7.632594141562604406e+00 5.794211485332707134e+00
7.951119439742932116e+00 -2.593672459158015808e+00
5.580214586059111248e-01 5.065530933494796217e-01
8.024154543932134231e+00 1.556771494628813035e-01
8.120828636351147267e+00 -5.551485310554117092e+00
-2.319234865816580893e+00 -8.283027158182296290e+00
-2.222901830556295533e+00 5.313743963464993669e+00
4.443580741686967150e-01 -7.571972288371370263e-01
5.259188149011772673e+00 -4.513554454143869243e+00
-4.576091433911908091e+00 4.731923125588342494e+00
2.472997331674947841e+00 -6.698581476145849756e+00
-5.434986912275927118e+00 1.406198687505322731e+00
4.807186620927200948e+00 -1.903219890255267055e+00
4.426713747067272386e+00 -3.836189516364605367e+00
6.313038599603673084e+00 5.256910837430829986e+00
-7.772639189928061576e+00 -5.197859248171448954e+00
-6.432079132263697652e+00 4.886423787505296268e-01
7.563185889961711261e+00 3.104526513816982636e+00
-6.581573807691520450e+00 -4.980939647038977292e+00
-4.903190893203199785e+00 3.240043643098690751e+00
6.382032829353126324e+00 -1.078885216732126340e+00
-1.055416754407434432e+00 2.126361902482833521e+00
-6.430989471594230622e+00 3.834619017289096821e+00
2.108855963467882066e+00 5.364672417124238812e+00
-7.797482865038793065e+00 -2.971115532549670757e+00
-8.280513335906295680e+00 4.518932424685893956e+00
7.208615868417763473e+00 -7.341211654051820190e+00
-4.704391403904687685e+00 -2.069274755860214920e+00
4.856760652308094173e+00 1.271955320345566465e+00
-8.261215263217820848e+00 -8.351385932566007142e+00
-7.363349914550424202e+00 -2.246674733239989452e-01
4.631190266404650480e+00 -7.584954010055040108e+00
7.791551970599266408e-01 -3.703261084882243814e+00
-5.123197345666349989e+00 -9.230556880297980937e-01
-3.257096905535955766e+00 -7.030380448586922348e+00
-7.178272687962622634e+00 8.054418865008942774e+00
1.822377377823577893e+00 3.307535729269790448e+00
-5.679741194633521673e+00 -6.221458612565057500e+00
6.092350768698216790e+00 1.559644342656259397e+00
-6.646828076153060039e+00 -2.175713468063665168e+00
-7.364290205313340110e+00 2.955848556482729705e+00
4.455596426362060214e+00 -5.843175055943945928e+00
-4.373136271061230040e+00 6.607165836616728960e+00
1.544417267019629447e+00 -6.103830143100810623e+00
-5.694350890002063181e+00 -1.812854398596372762e+00
-8.327699130080336687e+00 -4.050339742832400169e+00
-1.250960942625998440e+00 5.759386404381982238e+00
7.061166587052328580e+00 6.815002991788716713e+00
5.786842344416929684e+00 -2.983942210983638432e+00
7.009808476529280519e+00 9.340264239109863365e-01
3.922494240373310515e+00 8.243073253597950512e+00
-7.064987381029123270e+00 -3.681386096127948537e+00
-6.239656217355349810e+00 5.586200056905886058e+00
-4.319848194180172740e+00 -3.069133792319371334e+00
-5.091493577980668483e+00 5.744183494271313251e+00
-4.255893776121904892e+00 -5.904040980934643024e+00
-1.819737075270196347e-01 -8.336155848412214908e+00
3.733022242452349815e+00 -6.645947282693499325e+00
6.964479900293342851e+00 2.244006615360442769e+00
2.954885933375006601e+00 -1.385090981917113662e-01
-3.722525955987062485e+00 -3.994999170331029692e+00
4.573122076645686818e+00 4.466957599115509048e+00
4.825505388018352271e+00 -5.565499556812140147e-01
-4.259778923351577262e+00 1.830662993688979556e+00
3.206564157991941499e+00 -7.859752822347516599e+00
8.021618475528800474e+00 7.264970795491906941e+00
-2.999920232113578500e+00 -3.176383645679658141e+00
3.051685172005426328e+00 -5.507121871795164658e+00
-5.131082265005050047e+00 -4.517298259963324014e+00
4.040034375701234026e+00 2.655900653825493674e-01
2.401087709170682594e+00 2.389915004259505871e+00
-6.624959345254504584e+00 1.571824868163163025e+00
1.194995863830410343e+00 -8.068565031998028658e+00
