-1.373277449189795973e+01 1.692315814999880930e+00
1.806103908545583225e+00 -5.305860375876474411e-01
1.004435463941096174e+01 -3.109257117050209018e+00
9.130319100629415985e+00 9.174881134220408185e+00
1.938064217509872345e+00 8.296790552367845351e+00
-7.403604642668828451e-01 1.425104940568340162e+01
6.756004335852743736e+00 1.127389187428590311e+01
-1.172569319795239906e+01 8.283641956534310680e+00
-5.733934028499649393e+00 8.401768505462683834e+00
1.483052177053917475e+01 -5.578445965065864875e+00
3.410946817596554048e+00 6.005563526219506620e+00
4.458839161074680035e+00 3.595643766152530341e-01
-2.905550823654001746e+00 -2.248428817112972933e+00
-3.231785564387553933e+00 -1.566087930073993739e+01
8.410147837706587026e+00 3.382355655481687595e+00
-1.454529662671749257e+01 -7.280559941890712317e+00
1.213465285121202619e+01 -1.084672943960612734e+01
1.046180126889898254e+01 1.214759025677772541e+01
-1.235301758455696586e+01 9.703781940643162462e-01
1.531124813651443795e+01 -2.745715012817393941e+00
-8.944612193256368471e+00 -1.051771676872673211e+01
1.110617648765453680e+01 -1.273103759370243537e+01
-1.175518139857614663e+00 7.845830470123708267e+00
4.796791212974170548e+00 1.291912968368227999e+00
-8.552489206219405560e+00 -1.197475294779567712e+01
1.522778850515572735e+01 -3.839474938755318867e+00
3.414324873249928949e+00 -1.413979788205036670e+01
4.111770487701631893e+00 -7.888666703487346332e+00
2.615652988662100498e+00 -1.490969831555564618e+01
-1.465322686138190100e+01 1.361541826280831735e+01
1.534669541101343704e+01 1.088264447484035990e+01
-1.146544811472971581e+01 -4.188317782512613441e+00
-1.165280286760817319e+01 1.162585276643821253e+01
2.759772536366899676e+00 -1.344220563495913123e-01
-3.865703478998235187e+00 1.428306406954637886e+01
-1.085370003274604400e+01 1.490439913340604861e+01
1.001937107744379496e+01 1.974507016559435169e+00
-1.440012119535693635e+01 5.690933875069164039e+00
-7.817400716928172955e+00 8.238359413981509505e+00
-2.784642814220726348e-01 -1.532490894008896198e+01
-1.570580223150721011e+01 -5.357856129556208380e+00
1.780964676362645882e+00 -9.465203489302384199e+00
1.786684884720886046e+00 4.992509265971798449e+00
-3.400451385122457371e+00 5.831978941613273903e+00
3.460531740176355786e+00 2.403155422647039519e+00
-4.531129277677737655e+00 3.235715070560023499e+00
9.616125466189352267e+00 5.181991409183994257e+00
-1.218646284558568604e+00 -1.291094319350267972e+00
-1.456976695970346469e+01 -1.230540313789342299e+01
6.724550011304375907e+00 -5.534984769476891664e+00
2.302346753147654468e+00 7.398859526053287894e+00
-9.248130009030633758e+00 7.403870706248696365e+00
-6.993284004782001517e+00 -1.480494799559699537e+01
-9.815953807302250311e+00 -2.272673967702200315e+00
-2.256741892253285808e+00 2.159695922650976263e-01
-6.029597799787866919e+00 -9.124898826254508322e+00
-1.538198706312750241e+00 -8.826984598013803307e+00
1.568053838744460116e+01 4.601511769574400113e+00
-1.490156555183346576e+01 4.149216628492938597e+00
-4.263806780535632335e+00 -1.281304449526668066e+01
1.198660333271035050e+01 1.510782962054571499e+01
1.119688546703101695e+00 1.234433041546096099e+01
-8.228497432788879351e+00 5.382725694984140219e+00
7.238045657431648294e+00 1.011674420834278276e+00
7.328084786754990532e+00 -6.755641886513996219e+00
-1.048133930472208064e+01 2.432627136193951323e+00
3.719251266529672417e+00 -3.154678250097854519e+00
-7.547768649609482239e+00 4.540377519028090170e+00
3.492192860387248299e+00 -1.540817582206904746e+01
-6.745409814106326785e+00 8.862197392965260434e+00
7.189942888928460896e+00 2.180198056473194868e+00
-7.866848422693587750e+00 -5.435426652941609760e+00
3.596274820403397854e-01 -1.410205232704977441e+01
-6.513533409947192432e+00 3.111386064498844917e+00
6.084399217319472086e+00 1.316963981292056474e+01
-1.149183890801581853e+01 5.735608141521952419e+00
-1.041589674687380018e+01 -3.193201541549181233e+00
-3.071606984377282856e+00 -9.307267450453560187e+00
-1.221939713833971197e+01 -1.215058172989155061e+01
-2.062986830015730355e+00 -1.537013286007441870e+01
-1.065791695094154790e+01 -3.046937147226422837e-01
9.451138664960858193e+00 1.176550449403904253e+01
-1.200821318592570819e+01 -1.054068800122484539e+01
-1.454123579852043591e+01 -1.505255310536145696e+00
1.492806258062779534e+01 -1.452121453623838576e+01
-3.556711288945137994e+00 -4.253823745983940086e+00
1.403155848466371225e+01 -2.775017882889610377e+00
-1.406069922709330733e+01 -9.135909074912332173e+00
1.396665774544199756e+01 9.834641422116447984e+00
-1.304179153684927783e+01 5.480297272087079286e+00
-3.359960595782077952e+00 8.467934340976103869e+00
-2.580724376614913051e+00 -1.103435373495927685e+01
-1.008614107619841249e+01 -4.435952423661320587e+00
1.025053921233877574e+01 4.370021136912196624e+00
-1.431160462216965179e+01 -1.408991024588924112e+01
1.089978242621394067e+01 -8.080994306599698973e+00
-3.859968518188020781e+00 -3.206786601365245737e+00
3.279125434684380114e+00 1.089229186641700586e+01
-1.392737836115351158e+01 1.280371172072682207e+01
1.274224708926061567e+01 -1.573869326681704273e+01
