-2.969339276033890543e-02 4.476910163901809625e+00
7.758955042747641695e-01 7.240209372512614872e-01
-4.904432823762669535e+00 6.358116528242132581e+00
3.024495535186972450e+00 4.546446382145852283e+00
-3.784928254571865214e+00 7.764389904765615080e-01
8.530097907644531574e+00 -3.182206193877902045e+00
-1.467076810976864820e+00 8.645534052345135834e+00
9.027082972984269205e+00 5.782041476486266873e+00
4.664116160624675267e+00 -8.764270168776075565e+00
3.882532794912931351e+00 6.851523605885011747e+00
5.625829251142060450e+00 -7.228095797958071778e-01
-7.330436198127279646e+00 2.019719245554439269e+00
6.417162287055711900e+00 -3.307595877815559859e+00
5.371181232864339350e+00 -5.382844978386220447e+00
3.649793528166005885e+00 -7.732801109632874592e+00
6.292448632149596044e+00 1.583842499318083963e+00
-2.169130509395313045e+00 -6.424717490367633843e+00
1.799233741394562769e-01 -7.230210152340302621e+00
-8.033577826847325909e+00 -6.277347232695879242e+00
-1.531872846416315159e+00 -1.507782555459007412e+00
4.687301076304445147e+00 4.862826318530248493e+00
-4.337528106320750254e+00 2.278385927274677591e+00
7.424185806893251360e+00 4.668690000077124758e+00
1.316491270473164610e+00 -8.033129018457765724e+00
8.897634008301283259e+00 7.073030743178282620e+00
7.810222865356557520e+00 -4.534856207386483540e+00
-8.791402489741809489e+00 3.434277698303092485e+00
-6.486726239482554668e+00 1.090335863314492615e+00
-9.018060534936092054e+00 -1.995886649290455672e+00
6.282645544592627473e+00 5.446638607926360898e+00
1.961562806228716926e+00 4.273742160572766124e+00
5.717097964298929469e+00 -8.725499924977032862e+00
-8.031521527424240192e-01 -8.402249226698053519e+00
-6.089530635851412299e+00 -2.776406751256649930e+00
2.994960991764146208e+00 -8.669323510640335684e+00
-1.346701274715361052e+00 4.602853331679948035e+00
-2.036780760313017247e+00 6.637995101644351692e+00
3.586278430861636224e+00 2.219454512886977149e+00
5.826193089342954323e+00 2.755127920662453711e+00
6.523109294728206997e+00 -4.863336062080538369e+00
7.957912555895199080e-01 -3.297628838417668629e+00
5.907120695643378383e+00 7.985809909098442461e+00
4.454594467614644948e+00 8.403417425739139190e+00
4.520635916323930026e+00 -3.278517523552997304e+00
2.051070996632962995e+00 -5.234436761222392320e+00
7.494309420954323286e+00 3.593220381868886260e-01
5.217858086212934232e+00 4.268338654618427097e-01
-7.171829377286451646e+00 -2.540442776208105879e+00
-4.881720002889457510e-01 5.985647755107328938e-02
9.007882186142355252e+00 -4.406058868722890765e+00
-7.954653102275772270e+00 -7.750246787176688912e+00
-2.357875248121305223e+00 -3.086777316153844097e+00
2.878453153238049289e+00 7.876396019763787670e+00
-6.071999253348975500e+00 7.363451345869086673e+00
-2.599649569920744252e+00 4.909545005953826369e+00
-1.485199529926722883e-02 8.766973350043151925e+00
-2.717981819006496824e+00 -7.550648686552990263e+00
7.726934682180225389e-01 7.333897739057237963e+00
-7.590989945101663139e+00 3.813957066537170260e+00
-4.796387533444591789e+00 7.317745824213521821e-01
5.635273996846680511e+00 -6.743436160474526986e+00
-4.656749893121182815e+00 4.788060171284785227e+00
8.364977952813537954e+00 -6.400625376525220567e+00
-3.649663083346287529e+00 -5.899455390282222211e+00
7.215426217575948709e-01 -6.339458497498478007e-01
6.524872875238989067e+00 8.875225254587697066e+00
4.710711573521066953e+00 -2.198393866320240697e+00
-3.979413079573188128e+00 6.205088244310770662e+00
5.385472398006229788e+00 3.949903260858477427e+00
9.192857650451581319e-01 -6.441063841782903587e+00
-6.175159399285491402e-01 2.500271104180565196e+00
5.091754593944547658e+00 -7.755645388080527169e+00
8.400055968682837104e+00 4.467545979209290863e+00
6.830655407119522238e+00 -5.913063269112540432e+00
-7.891851434327154635e+00 5.943676541629360877e+00
8.969059006656033839e-01 3.680339553281058773e+00
5.444496635692171793e+00 -3.548122907009575666e+00
5.124293438802476786e+00 2.021271436022280543e+00
-9.031929444274306107e+00 -7.383883836091680308e+00
-3.651785453318897368e+00 -3.367446676742079426e+00
-9.047713510369050027e+00 -6.792995086323607712e-01
-2.465358177749426005e+00 -5.061782259626651737e+00
3.142002605788898340e+00 -3.073022604333959240e+00
-1.936772115558788920e+00 -8.259183649485754231e+00
1.182984461553771904e+00 2.048837689241508997e+00
-7.301295640214451765e+00 -6.995958219148446844e+00
-6.822650509446348543e+00 5.584041784948924558e+00
2.335653418540383441e+00 5.587871991962260587e+00
-7.953648195588190362e+00 6.330097881508075508e-01
-6.264644960350823411e+00 2.709295356639131125e+00
6.575942541133404262e+00 -8.017447717863543488e+00
-5.208616544314367047e+00 -1.101067137004918761e+00
-7.783169469048085709e+00 -4.153459693323606761e-01
4.530437926128715098e+00 -6.466837465023218101e+00
-1.358505182639370368e+00 -3.754642924732670917e+00
-8.446670490113099561e+00 -9.058074473474670540e+00
-4.862202558375821049e+00 3.778348966589526015e+00
3.854245985480171832e+00 1.109204658871934424e+00
4.957695740717900534e+00 6.823563283101414356e+00
-2.805512127319333526e+00 -8.823894677132749109e+00
