4.443905820116338390e+00 1.348033739788378815e+00
-4.671802640136821339e+00 1.324743268109102257e+00
-4.635325712008394605e-01 2.268305225222123911e-02
5.093530852388919783e+00 -4.092317454240632202e+00
8.669229162802860600e-01 3.474834595683113037e+00
-3.183587103170486543e+00 7.053725617742190757e+00
1.278463443471560490e+00 -6.804442553142889816e-01
-5.023922785109168565e+00 5.183733194948741740e+00
-5.914213354692742897e+00 -3.285284439428165726e+00
-2.004726323669002941e+00 -5.947158627811455212e+00
7.423787611215703741e+00 3.290679332298853677e+00
9.390010563763986351e-01 5.643502452661552482e+00
-6.821589686265173702e-01 -3.847508031780171756e+00
-7.210535861633937671e+00 -6.289850823658269086e+00
3.640788132755140794e+00 -1.709828108837393001e+00
4.906876518358488148e+00 -2.739348196824692216e+00
-6.727399616631569934e+00 2.705223591993533461e+00
-2.997504298963747260e+00 4.091607732252192875e+00
5.535440357432070080e+00 5.026325446114350726e+00
-2.819945770594141976e+00 -6.620345065016814523e+00
5.788852561173761124e+00 1.398925821300673666e+00
-3.616682541400090489e+00 2.509010914532348480e+00
-6.315965172666714089e+00 3.561265664380830032e+00
-4.946846336542173539e+00 3.285586800782049899e+00
4.336617855483292927e-01 4.624117214742393678e+00
4.394607432208071707e+00 6.872392051714645511e+00
6.653242549823428220e+00 5.512049325446915837e+00
2.855875132382544201e+00 -5.429448832467491215e+00
5.713274400878224135e+00 -1.066792769650598327e+00
-6.414068071731156451e+00 -5.469753861690049845e+00
-8.884409181097685515e-01 -2.557261974632671908e+00
-5.990657099131142971e+00 -6.717933866394178111e+00
-4.406107979868689739e+00 -5.300085793997412864e+00
-1.776849175171802520e+00 -1.645357123043577896e-01
-2.294499793534942711e+00 7.458488724615472965e-01
7.372701842734126210e+00 -3.063023154890036626e+00
-5.111101565831710936e+00 7.242984369632748276e+00
-3.674925159344316627e-01 1.879795186791431760e+00
-3.896180794240866607e+00 -3.018121438381944799e+00
4.325952373186969346e+00 4.464028743356390549e+00
3.416688602476494641e+00 1.558387944150769089e+00
-4.000308037535794448e+00 3.797380715451175615e+00
3.090285170362174760e+00 -3.867564026204895367e+00
7.807665155565415294e-01 4.235975197445286944e-01
-6.167042703320395169e+00 5.382054703255875872e+00
6.035504305396007574e+00 -3.541073123184243610e+00
6.638438040366959392e+00 -6.678822693352872264e+00
-1.210846983253444087e-01 5.897835009133457262e+00
4.309915545447923768e-01 -3.824579486540381268e+00
-6.263795627154594925e+00 6.557132604162222655e+00
4.831889840524645763e+00 3.540362319931779078e-01
5.343324950188096167e+00 3.512380002915348243e+00
-4.922405133968664970e+00 -2.899365580842355961e+00
1.040792477505942282e+00 6.877394314417141885e+00
-5.422479123586136929e+00 -1.164496859281717089e+00
1.970689696772786048e+00 5.853528269511936583e-02
-3.261542305494725902e+00 -4.653654116797854456e+00
-1.465117702020628299e+00 2.134689429416013251e+00
2.578213996720208456e+00 9.631330466335337182e-01
4.439990286308182377e+00 5.471347484027245578e+00
6.088603562173122263e+00 -4.624063338258763700e+00
5.850921191239826236e+00 -2.264948340967037232e+00
-1.294622266581793246e+00 -7.065070948225580238e+00
-7.099806627824674088e+00 -7.342987115414131516e+00
1.654873800910841464e+00 -7.073665773732725093e+00
-6.472321864836191097e+00 -4.038603193235388744e+00
7.236072554799826584e+00 2.293107969110327105e+00
-2.037938579722082366e+00 -2.695540037179694259e+00
-6.630048386434581609e+00 -2.414745001366271904e+00
6.827991049766933607e+00 9.353541760129535643e-02
7.110198903777339430e-01 1.921094992600320461e+00
6.965675739918935072e+00 6.763284067284048184e+00
2.918307063767718645e+00 -6.722495180903504064e+00
-7.295878007737057303e+00 4.906715830276709767e+00
5.805367248069976505e+00 2.597977589944490795e+00
-3.053521215104612718e+00 -2.090156171604930224e-02
-4.885796278080441368e+00 -2.297358874829631137e-01
3.633165220547269758e-01 -2.712884031784320804e+00
4.036456232127039634e+00 -4.611741292759202970e+00
-1.793275924728105764e-01 -1.741591429566226701e+00
-6.729927646057147328e+00 1.611792760993548068e+00
5.575719756427432117e+00 -5.829036350184998660e+00
-6.743148910139441732e+00 -9.801058432497271600e-01
-1.513778734269792536e-01 -6.570846674034055646e+00
7.077839494365108841e+00 1.237132800291698143e+00
1.373448540020695496e+00 1.248654880450722260e+00
-5.558380350456610941e+00 6.520841242888980593e-01
-2.092316962392110735e+00 6.278470199601510870e+00
6.978343872171203444e+00 -1.840704211937749024e+00
2.689849110785681674e+00 -8.210709065730799061e-01
7.033805295551913694e+00 -4.293100903158229897e+00
4.148996346651239620e+00 3.149412407322382812e+00
5.262135910565698182e+00 -7.042045321583121797e+00
1.826989166262641184e+00 -5.351699607762146371e+00
-1.079405869773249371e+00 3.206739344119233337e+00
-3.204195328435281986e+00 1.370763479079818215e+00
-3.745157180216182713e+00 4.910809867001959539e+00
6.091649715325575087e+00 6.994916145403097474e+00
3.114961017233616403e+00 5.702135535511300368e+00
-3.606060982341607879e-01 7.159314395315859336e+00
