-1.835619903621447779e+00 2.900114801895146144e+00
-9.179774395555047040e-01 2.078313305948252143e+00
-1.162362197052809876e+01 -2.331699000591639148e+00
-1.262713948255450802e+01 -3.071259674581434673e+00
1.215974275593605292e+01 -1.474643512611653495e+00
-8.939712174874360429e+00 1.086789479814196824e+01
2.297018654060583920e+00 3.080986847898822489e+00
-3.369427716501250725e+00 4.644291866574951300e+00
1.249163830062235725e+01 9.429777199395861231e+00
1.036504845733953672e+01 -4.383930007101587201e+00
-1.136697022586856143e+01 -1.264184737027226824e+01
-1.276005631921264483e+00 5.187590291221503058e+00
-1.095693889697879397e+00 9.565646227796151813e-01
-2.914678123684563360e+00 2.760009018005318726e+00
1.200910530634060081e+01 1.140614846025054163e+01
-9.226171529269860727e+00 8.615475221339638168e+00
3.971095970970855316e+00 -2.721627973862413619e+00
4.620004426368634620e-01 3.518434851083990900e+00
1.098671585143731022e+01 -1.197260984295871244e+00
1.564282000633203884e+00 -1.656385723581096647e-01
1.294025137278826509e+00 -4.471705870348674061e+00
-1.238691335416120509e+01 8.632190945898722489e+00
-9.017433755449413724e+00 9.755313864081934128e+00
-3.756866476463291526e+00 3.486362211556484070e+00
1.180435650871443620e+01 -5.083317719570749071e-01
-1.162736820173003238e+01 -3.430266214373071776e+00
1.145820308983058844e+01 -4.615332308970678810e+00
1.108770096704737185e+01 -2.246910468426073226e+00
-9.632127792882585027e+00 7.579231582337289552e+00
1.220575229539618434e+01 -3.798459909788207689e+00
1.175658375715543791e+01 1.033058903717531152e+01
1.044806175163671913e+00 1.579265964613531192e+00
2.809748352161522522e+00 -2.999748680792348576e+00
2.026103469228266007e+00 -2.168696613787696403e+00
-1.152984603826976873e+01 7.967356721464148528e+00
4.806344989227172571e-01 -3.632773165273138538e+00
2.158737378694461473e+00 1.977459890943958687e+00
-1.248667209889825713e+01 1.078018805909749966e+00
1.054724498337539090e-01 2.452868840611161172e+00
1.882192383978124939e+00 8.539506904803041420e-01
3.532122391880103685e+00 -3.854947901598021698e+00
-6.965604071502037864e-02 1.342072500026696202e+00
-1.219122126868693989e+01 9.798231244736419043e+00
3.140000218792895481e+00 2.272658718778335807e+00
6.113616173432865342e-01 4.556652167983653356e+00
-1.270914968355240759e+01 -1.199532390273227200e+01
-1.168374295052340450e+01 1.187443816110661921e+01
4.520420385300416122e+00 -5.083797561588380143e-01
3.982652119534620949e-01 -6.571124201797150510e-01
8.687583775400773423e-01 -2.365179562893449550e+00
-1.050285598944836529e+01 8.303430951961528805e+00
-1.925468002020663538e-01 5.388461772308249742e+00
5.010787394283695129e+00 -2.415526417415006843e+00
4.688727798267946945e+00 -3.572614220964144938e+00
1.277313330480661868e+01 1.053301113997842720e+01
4.275787543119876410e+00 -4.731366188673056250e+00
-1.197013426269576009e+01 -6.758782689222901652e-02
7.237543713833353154e-01 5.503363692007841035e-01
-1.134635368915345488e+01 9.030839322363593880e+00
-9.863523650622932237e+00 1.159148872834251520e+01
1.247724333528810625e+00 2.682518456361852266e+00
-1.089627403242657877e+01 1.118493542648181460e+01
1.551436460060233280e+00 -3.272551622391650206e+00
-1.242404562870232176e+01 -4.198898017871180777e+00
3.000694717051459737e+00 1.066487224560126457e+00
-1.105593069496370440e+01 1.013846305008896209e+01
2.386122552497892624e+00 -1.130182210948118326e+00
-1.231359912162875325e+01 1.267777139272781284e+01
2.116543934173546582e+00 -5.148601661584597977e+00
1.273438793796033153e+01 1.487783243467710459e-01
-1.573348784216045182e+00 3.953534786809414836e+00
-1.067810543431971482e+01 7.226922801218594650e+00
3.762491333700373808e+00 2.694972740734272731e-01
-2.003553689359744538e+00 1.824253123768973639e+00
1.214886098745580334e+01 -2.589852016903743337e+00
-1.171097594416781362e+01 -1.211799969815783973e+00
-1.264397438495537962e+01 -2.007336788153406548e+00
3.181324161436076103e+00 -4.967232376762468427e+00
-1.025247150253251327e+01 9.323072314880800349e+00
-1.061481511923477861e+01 1.238524999929538239e+01
3.167506427059839424e+00 -1.936961415238017681e+00
-3.967772950695173106e-01 4.311752173298329716e+00
5.461391891891399730e+00 -1.320826543564030731e+00
1.107534985977695996e+01 -3.426937777959102593e+00
-1.003934720971412808e+01 1.044192422592378655e+01
-1.276030024761678838e+01 1.153376987615675908e+01
1.335070938987546141e+00 -1.303327865199932267e+00
4.226665109416264166e+00 -1.544797017158195285e+00
1.498587961836879590e+00 3.848818064618377832e+00
2.435503573252057574e+00 -4.052821848189548604e+00
-2.624558955333119670e+00 3.780058927061884066e+00
-1.190340786995309941e+01 1.083804283433564741e+01
2.607539150189918775e+00 -3.483091967524179489e-03
-2.811440487226193330e-01 2.256713578013327948e-01
-1.060793213985332439e+00 6.223217793791421037e+00
-1.272258771400393584e+01 -9.047030553319038715e-01
3.453900958676049626e+00 -8.492785258930160008e-01
-2.272362488053357499e+00 4.829832467174145272e+00
-2.372731689276049050e+00 5.966428141410125008e+00
-7.076707825264728635e-01 3.193019741419992563e+00
