-6.135004575762505574e+00 -1.490860642932261548e+01
8.448446255007327488e-02 1.757841460115304733e+00
-8.818866690337366920e-01 -1.349599474099933794e+01
7.779094984392172840e+00 1.379526602908394928e+01
-6.681897612379127160e+00 9.709312261115073284e+00
6.481918172191456495e-01 -8.669296579179727402e+00
1.289898545476965985e+01 8.496114162340188125e-01
1.105529927920129118e+01 -8.440586017857949486e+00
1.122321600259956220e+01 -1.126690552888748975e+01
1.366324803567813895e+01 -3.533959577820586784e+00
-1.261961640491228387e+01 1.380024395488676525e+01
-2.175234283098625987e+00 -7.594128140827443474e+00
8.138905709165855651e-01 -1.085873767322073036e+01
2.588441251149431022e+00 -4.125526031088000423e-01
2.963785146636946699e+00 3.100358389069849174e+00
1.159541772845200391e+01 -1.443128193388296410e+01
6.233900244564502202e+00 8.579767681560850789e+00
1.175852027613093398e+01 -7.038365491159785492e+00
-1.299629556800989150e+01 -9.553358439221817378e+00
-1.016537238813424437e+01 -4.592263015829540329e+00
7.898702515611857322e+00 1.509725343862285740e+01
-9.348243734372356784e+00 5.125196898558469272e+00
-1.029304648255155819e+01 1.327199979661715012e+01
-5.038635921165846021e+00 8.379355899018284148e+00
1.012637762699914035e+01 -5.174352674660376294e-01
1.230219676706829857e+00 -7.016213656515031261e+00
-7.490846978064336081e-01 -1.561453512249155118e+01
-1.048344220065641608e+01 -8.255314033496409243e-01
-1.286393856614002651e+01 2.464384985306735665e+00
1.199065063269472553e+01 -1.903912773850015450e+00
1.026846778169034735e+01 -1.341030089512656609e+01
-1.392938604693467042e+01 -5.347670500329235743e+00
-1.548054715987758634e+01 -7.401990280515462928e+00
-4.195910230778995498e+00 -1.416799908519081885e+00
-7.229652626194338350e-01 -6.753487614224892077e+00
8.123350578142284562e+00 -4.729104013144056040e+00
2.727505454233656756e+00 -1.292233056104064204e+01
1.174110539169726053e+01 1.266892357226411825e+01
5.836249121255094430e+00 8.936862407888883364e-02
-1.466030463438883658e+00 8.892078607405876411e+00
-1.215911128361020133e+01 -1.306252272533791015e+01
1.286327953541225710e+01 3.040824868930596114e+00
-1.025656539577364512e+01 -1.530810069004877683e+01
-1.118957056192363098e+01 -4.926010544866281649e+00
1.231916021397026029e+01 -1.087256498440150843e+01
-7.897919551191744603e+00 -1.496687224017686724e+01
1.753970656119488325e+00 -3.346268818939150957e+00
-5.460664084550931108e+00 9.414914423292232826e+00
-1.203549080737561816e+01 7.341508057589836156e+00
1.156647132365657527e+01 5.385201643616381872e+00
8.159871417795207194e+00 1.191860428925465420e+01
-1.250017607858664226e+00 3.120355266293173280e-01
7.428256353661737421e+00 9.421751551737667540e+00
-8.494455796601769748e+00 3.910956024729085545e+00
1.395683617613767247e+01 -8.950821195689114163e+00
1.063304480020194198e+01 1.287367671292041038e+01
9.951679521707504916e-01 1.004375309709027597e+01
4.044680452561160600e+00 -1.338362559209055291e+01
-6.960354401095705690e+00 9.707002549236215527e-01
1.544886787150554319e+01 -4.582732753241808510e+00
1.899312102746840036e+00 5.792574565458771474e+00
1.515857055358990380e+01 4.577262064465265290e+00
-6.059683305378384510e+00 3.421871021270091462e-01
-8.803825595008465399e+00 9.046685440636393238e+00
5.485691274837059872e+00 5.962618551775236142e+00
4.015077727797925711e+00 1.953348320394040050e+00
-9.961062415400297354e+00 1.447695725746716100e+01
1.518976471566547382e+01 3.285449268928568589e+00
1.364808757876131651e+01 -1.071350391741236752e-01
8.986158090569913881e+00 7.674295878056520692e+00
2.711929894455972434e+00 5.888154203196227510e-01
1.445933633634092708e+01 -6.630503949959787313e+00
6.648308539363604552e+00 -1.521195844942078779e+01
3.523284592004595428e+00 9.557248856069179510e+00
1.145342494357792695e+01 -4.019776642642030495e+00
-8.129687738136285091e+00 1.011916157116831805e+01
-8.328860164357468676e+00 1.110816568560985207e+00
-5.370340090409080780e+00 -6.369655488984928837e-01
9.093067664055121568e+00 -1.169857905238613149e+01
-1.498121709156464121e+01 -5.517727841468250460e+00
1.265554812131219542e+01 4.276969463062600951e+00
7.227445795011818497e+00 1.796454058071165205e+00
-1.132729646196799855e+01 -3.784437851411915243e+00
-6.003895763598938728e+00 -1.506523961163542147e+00
-1.531605355124492185e+01 1.229714588890148441e+01
-6.348208537798567974e+00 -9.478809019805126468e+00
2.552325337440816799e+00 9.166280607786076118e+00
-7.470243126952937907e+00 -2.778896173119392188e+00
-1.385640009727417166e+01 7.323727362949638220e+00
5.419718634247409739e+00 9.221538632804980651e+00
1.948860731889161535e+00 3.051686223682104959e+00
-9.153548754030563117e+00 6.624018982756709306e+00
1.839044279696931961e+00 -1.056851213048721227e+01
2.873233802462760167e+00 -2.083365321241694268e+00
8.448257650093291105e+00 6.212795611634037485e+00
-1.617310439337007688e+00 1.022822075389991348e+01
-9.394254494428441404e+00 -1.238506316411690200e+01
8.646863508375743024e+00 3.509270120455175945e+00
-1.236112719189420162e+01 5.967719271181556984e+00
1.348343536007630483e+01 -6.345668889032546112e+00
