-1.664599794753025552e+00 1.782373573090712648e+00
3.333649956467859443e+00 -5.799687919516033574e+00
4.769590353459610910e+00 6.170240742220371111e+00
7.250591174441709974e+00 6.893914301788438337e+00
-6.505798126566936013e+00 3.506875538722405317e+00
1.650401702637390278e+00 -5.108195435176963173e+00
-5.093830526665707126e+00 3.837129068780491536e+00
-2.106330805855629151e+00 4.989429496547011844e+00
7.225323728888942698e-01 -6.022078944580269599e+00
-4.548197139314968940e-02 2.888683702149227539e+00
3.524907468929140641e+00 -4.797355816510286530e+00
-2.156449103378836885e+00 -6.154969967709091883e-01
-4.534759312213415328e+00 -6.743591285118456291e+00
-6.167327277974090194e+00 -1.344355561904144070e+00
-9.056680378455553848e-01 -6.059910675460018936e+00
8.599261868311909307e-01 -2.313134494519380358e+00
-3.987823528217405489e+00 -5.112503120739542162e+00
6.276161525320891776e+00 -9.548094270758266111e-01
-1.393398596672847933e+00 4.155610288640126271e+00
-7.891819587078353848e+00 -5.047754858221939145e+00
-7.618241747806662190e+00 -3.134846432034019692e+00
-5.212220726255536896e+00 -5.611335178350283392e+00
6.822325691253425362e+00 -5.285896945952949011e+00
5.640775315755088393e+00 -4.869992935456796346e+00
-2.095860548331601958e+00 7.378147811162713232e+00
-7.714855021941376734e+00 5.766103886647214516e+00
-2.427900407489214984e+00 3.771433564480756839e+00
4.709853425538944371e+00 1.386658260195026582e+00
6.646515319253556875e+00 1.544999822567134418e+00
2.789671439160251065e+00 2.910263631706346832e+00
6.545865813738375394e+00 -4.358818391882476995e+00
7.530550725296561332e+00 7.295449905913494737e-01
-2.224259408780814518e+00 -5.138429221347222686e+00
3.421033424416030311e+00 -1.004131137703680343e+00
3.914406817449830100e+00 7.149651589611303315e+00
5.173994348575980062e+00 -4.715250275418462755e-01
-1.271977653369126715e+00 6.237336360650113321e+00
-6.318303871258297733e+00 5.395831789258132893e+00
1.596630795709940154e+00 -7.329163208046267641e+00
-3.170547923380847788e+00 -8.479977684272447247e-01
1.776857814615074638e+00 1.779543642768258493e+00
-4.298334368108427839e+00 -1.549146826785853692e+00
-5.152684525110421632e+00 -3.335933444312283225e+00
-4.005784422376275522e+00 -2.600662109050354331e+00
3.189329012760533377e+00 -2.253837363773425917e+00
-7.636240982332142657e+00 2.012435867081144192e+00
2.102690110623290476e+00 7.095379570754078102e+00
-3.082417835371886738e+00 2.273117870177932431e+00
-6.708845881496842800e+00 -6.331517590460864930e+00
-7.531955146802484791e+00 4.486319251887984194e+00
-7.252903674630226671e-01 1.218993782319668151e+00
5.659803602858845650e+00 2.938287397095389331e+00
4.009223210752510980e+00 -2.908283276340213330e+00
-3.163542131973405613e+00 5.433161648245081743e+00
6.412305774324474683e+00 -3.289510461963309318e+00
-5.367273238837951155e+00 6.385256970288232914e+00
5.108251737831144723e+00 7.291388369603193809e+00
9.340686995984225360e-01 3.914621560511194254e+00
-6.462302914456081737e+00 -7.819858481957694174e+00
-1.383174618778867382e+00 4.119041206161356827e-01
-1.270353121526701212e+00 2.777500743561579277e+00
7.577050646695387748e+00 -7.483460662415062359e+00
2.507205912317446828e+00 4.333763534610861612e-01
-4.482252040488518219e+00 7.657663066555038256e+00
-6.506673484823348730e+00 -2.648301458629443328e+00
-6.926250167748756681e+00 6.366541965212662468e+00
1.631570621721328829e+00 -2.931032581822658134e+00
3.042782954359096070e+00 1.842340258907956052e+00
2.349023293729292305e+00 -3.957147159403579639e+00
-5.385684455894455880e+00 -7.144545403037254161e+00
7.105034899460620501e+00 3.681569538122869023e+00
3.991749255894841308e+00 7.015538565486256761e-02
-5.886017674007369749e+00 1.004405476745999559e+00
9.215174260545644369e-02 -4.379328505061855559e+00
2.070536840194284967e+00 4.821626350586152299e+00
-4.118899612123083642e+00 -4.061251216043842760e+00
-7.205490567268592272e+00 -4.222698265126405559e+00
4.228154817270405985e+00 2.902717351405583734e+00
7.471019359741505994e+00 -4.092978209049281446e+00
6.312984210823248787e+00 1.567705184434718402e-01
5.507378320977841746e+00 -6.329964376788312919e+00
-4.110328222070641857e+00 4.700282663828958540e+00
2.888058380398668579e+00 7.872756018324491123e+00
-1.084505665210040881e+00 -4.572454400770779692e+00
7.879414545514161539e+00 -6.520231172974188638e+00
7.624249833153960765e+00 -6.041637511593378473e-01
4.707197807983804161e+00 3.733510208326958679e+00
5.729890810730710271e+00 6.190795235948019837e+00
6.923012555532124246e+00 5.007317807763277173e+00
-3.378555242375356649e+00 3.943282620530921267e+00
-6.126057815797172346e+00 -4.324449169290168093e+00
-1.259089457139521140e-01 -1.991644624722302526e+00
2.550150730983299585e+00 -6.419521139737776494e+00
-3.720612458266967959e+00 1.636968771737578043e-01
6.809803395403608128e+00 -6.633171152773257973e+00
-1.768012003512600350e+00 -7.318515407688977348e+00
-6.575617925031925992e+00 1.861268532165194278e+00
5.352191719302851425e+00 -2.257025213056201185e+00
-3.776898499984037150e-01 4.546028987493905049e+00
-1.416056264419713440e+00 -1.357325923163930970e+00
