-7.183325426179846929e+00 8.451040336333194958e+00
7.462478009150459446e-01 -6.855012716548969820e+00
5.110142792408174373e+00 -4.521630116765743779e+00
3.575241854912880157e+00 1.361042158957686821e-01
-2.931027974268829439e-01 3.256678727605675228e+00
-6.943660226536612079e+00 -3.718363199620291493e-01
1.783876381707535153e+00 -3.648839628399853208e+00
-3.027880163709455452e+00 -3.458971752041183123e+00
5.355083011586844854e+00 6.156789519297007907e+00
3.112640677798124589e+00 7.760353008297191657e+00
-5.200014662905537044e+00 1.196424675771478263e+00
6.439328223476853408e-01 7.783381292310528998e+00
-8.304867531416789461e+00 -8.240300709323683748e+00
-8.274326459049792248e+00 7.613564285457646186e+00
-8.240778646524333340e+00 6.333517316663431984e+00
5.668805258537102709e+00 3.759611264235709349e+00
5.337032012518918123e+00 7.470066596910893253e+00
4.157993601406426265e+00 -6.875614962863439317e+00
7.103856132519591249e+00 -2.939483849628232726e+00
1.994742841832725322e+00 -2.104683200949641897e-01
-4.056232914568479453e-01 -4.915218461557998575e-01
-8.979614019489005061e-01 -5.833186414727141056e+00
-5.752320703097367982e+00 -9.190627851289481232e-01
-3.419160925905470272e+00 -7.669276019117437393e+00
-1.459998311294068429e+00 -9.501377016637768680e-01
2.050802763597082468e+00 7.889116792877146622e+00
4.231249080151493480e+00 6.832785961134165476e+00
-3.592035809838850735e+00 -5.086402710528346915e+00
-1.755700065139633281e+00 -5.138206001801023604e+00
5.684860646983826982e+00 5.096572149876494429e+00
-2.248427313002978600e+00 -1.662625137160412603e+00
-4.701701251738890086e-01 6.257620842974266351e-01
-2.212326623322087737e+00 5.331883357644826127e+00
1.012598545738356837e+00 2.421587429212509690e+00
-7.096472035759881614e+00 -2.464019760176711316e+00
-5.924332154755422408e+00 5.387165347670914706e+00
3.506668160910251686e+00 -2.146129963245121619e+00
6.553368876888457706e+00 -2.010373626481036347e+00
1.434551693192483768e+00 6.353451062255853543e+00
-3.454388391338999664e+00 -7.729453683681299925e-01
-1.453116567697457562e+00 -4.007393609058217621e+00
-4.658223934475461903e+00 -1.030863070046971336e-01
-6.453400710995435219e+00 6.414425721243373957e+00
4.630214570471782309e+00 -8.100725867057025908e+00
6.023393249612135847e+00 -8.001670342783603118e+00
-3.045662979403665371e+00 6.460126010966320553e-01
-1.989393965726308444e+00 1.898199424906386046e+00
-4.769230563107129228e+00 3.565511275923721524e+00
7.064396618176488341e-01 -8.113845586912963981e+00
3.462837670818106783e+00 6.021729667067124758e+00
4.614576602886183210e+00 3.982905769115014039e+00
2.473937897382690654e+00 -2.175404620560705826e+00
6.638730893905192332e+00 -3.849394640785093191e+00
-3.285448209146607734e+00 -2.040646580701435120e+00
-2.490167462566373668e+00 -3.390553397313083583e-01
-1.493967473227240106e+00 1.387370239336588318e-01
6.165886345936579804e-01 -7.272056415717648159e-01
1.234284216741205809e+00 3.539000541056809723e+00
-8.209134690940276258e+00 -3.535058284596150013e+00
5.796519018588041083e-01 3.546758641632195008e-01
-3.514017960048934519e+00 -6.487266863925531091e+00
6.031621788063672440e+00 -2.936914528566730187e+00
-4.594451069202150073e+00 -5.594781882241240289e+00
2.535863921816392974e+00 6.691460969370993439e+00
4.534241417060744794e+00 -1.655128254993942338e+00
6.666156794757041482e+00 6.906426010657998660e+00
-5.927181370471140021e+00 1.246514739082496964e-01
3.222104894000392683e+00 4.993641605022789420e+00
4.201568119533392598e-01 6.839471425413514716e+00
-5.939183686892899772e+00 -4.384486656554686945e+00
2.624893517199275550e+00 6.063707883726632275e-01
1.043290195182216884e+00 -5.661236039471358339e+00
-4.725843636695442385e+00 -1.863182545028055914e+00
-1.880284440648335886e+00 -7.768944102793769346e+00
-4.854278893938795747e+00 5.970566028578001117e+00
-4.090500566082031497e+00 9.169679027001037541e-01
-1.855816292538431389e+00 -3.052669247989242773e+00
3.214134086874748775e+00 1.567282055710986999e+00
1.985053504761142840e+00 -5.196616537666539415e+00
1.654991107613149159e+00 4.786398211875033226e+00
1.924545825486046802e+00 -6.668839418774400229e+00
-7.048659081517907765e+00 5.350083434681775607e+00
4.842880409988291390e+00 -5.709193708477687146e+00
3.421242613584706493e+00 3.199920840185524362e+00
6.419569310349679370e+00 7.896969616659075264e+00
5.956031920850353600e+00 -5.733598555046254930e+00
1.867885068161685647e+00 -1.296307570811430221e+00
8.022941894966725829e-02 5.726256915150576887e+00
-1.871924375399171447e+00 -6.383565050701457189e+00
-3.923272057233743726e-01 -4.876847710197989016e+00
-2.650905218081522463e+00 -4.403984099757446202e+00
5.368178639277339848e+00 -6.789397253824574818e+00
4.482078537871550417e+00 5.250931884626364621e+00
2.285924663644687271e+00 5.622566208763057460e+00
-3.368824976000106997e+00 5.275430690975511538e+00
-5.181593197300686515e-02 -1.669142347787017533e+00
5.851179011653997009e+00 2.690816519447453370e+00
2.312807597167872320e+00 3.867582675927375480e+00
1.115555613429018433e-01 1.614494530293216767e+00
7.905190318206704703e+00 5.668643356068037154e-01
