2.477116834990862770e+00 -7.938733220759592868e-01
1.983536372063232633e+00 -4.854660447243486665e+00
-5.870442903924965705e+00 -1.766131259476590776e+00
5.455608957315956076e+00 6.797657920386095398e+00
1.560771091940767574e+00 5.985950064982218599e+00
6.112814441873272386e+00 4.524288781942455095e+00
6.485856128199748660e+00 1.537476009221293349e+00
-1.818736929237096955e-02 -6.204386661881924780e+00
-3.459415082900878513e+00 -1.648902479010311950e+00
6.879688497893873822e-02 -5.715883132438216441e-01
5.002572007675559540e+00 9.665773947734547233e-01
-1.458965631481918601e+00 1.639986878925688285e-01
3.753167052517418778e-01 3.847781804694837771e+00
2.680525551261114803e+00 -7.074112703563566917e+00
6.552797118950841160e+00 7.256164714303126040e+00
-4.485047061099869836e+00 5.664598170840276836e+00
3.604852668799315651e+00 -1.870110473270061746e+00
-2.741235658063065905e+00 5.038893171002180260e+00
3.579515743357239987e+00 -5.535023819837956438e+00
1.879160509613457597e+00 3.674040041229677644e+00
6.824119243765944809e+00 -1.316412510771657773e+00
5.751922442800539770e+00 -1.026571834395141769e+00
-6.803980634603596478e+00 2.677196505722098108e-01
-4.080059292391490899e+00 2.081420290009374341e+00
-3.579518920703278262e+00 -6.483150503526464270e+00
7.294937822447176146e+00 6.216315503549113330e+00
5.181602955367403673e-01 5.932060707838229696e+00
3.009692702683250953e+00 3.215375532524438196e+00
3.422529253782295999e+00 -3.501800177363654232e+00
4.699087628208039824e+00 -1.333190853663982767e-01
3.318657437120619669e+00 5.451022153839862661e+00
-4.725273661128231772e+00 1.085803236889987478e+00
5.058549219354941506e+00 3.676029512605390792e+00
-6.327871235971284314e+00 -4.143486555664180671e+00
6.664917296352916409e+00 -3.718649824748460730e+00
-5.790624740560986972e+00 -7.390750125500483492e+00
4.308065979491424002e+00 6.835887020259564295e+00
3.443754284658079534e+00 -1.014837750208083811e-01
5.894232315227831975e-01 -1.737066706708733754e+00
4.496225721340619152e+00 2.591053178288653225e+00
-7.022141483611694657e-01 5.039506796567787106e+00
6.326640242301001527e-01 -3.169164307170803330e+00
6.195271339743667616e-01 4.989731802634620905e+00
-7.144991766717903481e+00 4.470636360978406110e+00
-7.012964494787282455e+00 7.244061934108710687e+00
3.682493230122407368e+00 -6.948222451703272462e+00
3.888200438204931331e+00 3.884231198949282149e+00
-4.662689025911761931e+00 6.973125151157820056e+00
-5.872937454920058364e+00 3.960523565498708098e+00
8.725954364103164496e-01 2.528172011893213833e-01
4.949366653390006476e+00 4.822604114581366730e+00
-1.493524645153028851e+00 4.271227350634338116e+00
-3.150624457601030493e+00 6.706421926252447818e+00
-2.585758823152123131e+00 -7.020621621678565738e+00
2.748018740636631208e+00 6.666098154444040524e+00
-7.057644565281139037e+00 -2.010042127147995128e+00
-6.104400395408180913e+00 1.505671718733966991e+00
-6.391730302210045345e+00 2.517919548683422271e+00
6.145296746539220756e+00 6.007922871918626839e+00
-4.504027062289085670e+00 -5.899808925619183242e+00
6.007655357696277676e-01 -7.036377643622060418e+00
-3.559095619936907706e+00 3.436116866554534077e+00
-6.724377818814427421e+00 -8.660465258783616171e-01
6.318023138552022466e+00 -3.410573066940453257e-02
-3.708203923676177904e+00 4.552218952005493868e+00
-4.315128269253275306e+00 9.660441301014885407e-02
4.713984102577673418e+00 5.875013348858326268e+00
-4.816439307531389602e+00 4.560869284694777370e+00
-5.471748632811082480e+00 -5.026200497129103439e+00
-1.614508392119341496e+00 -3.574722062781994669e+00
-7.161744242869807486e+00 1.511107890700075229e+00
-5.917686821633345140e+00 6.367992214872085555e+00
-2.354448003981977067e+00 9.120908477290834426e-01
-9.631683139932242232e-01 3.353910243450352713e+00
-4.551935270835525849e+00 -1.100153644722129398e+00
-2.778626084246552663e-01 9.777032316571139248e-01
-1.430495847175833335e-03 2.076932410486606706e+00
-6.684552061800159706e+00 5.643794786968450161e+00
-1.771977363172231978e+00 5.432214526848327729e+00
-9.582346201473312952e-01 -8.269531980557003337e-01
-2.947473031100447116e-01 -2.477974166408310364e+00
-5.577029223987557849e+00 -3.943765603190377278e-02
2.556165457873578628e+00 1.951494341246506226e+00
4.522577153611091028e+00 -1.158868031929478182e+00
1.602251716718499752e+00 7.310888442784415631e+00
6.733270526709587145e+00 -4.851832122427985006e+00
-3.241646749567901775e+00 -1.853621595453731341e-01
-2.502810144296961692e+00 3.754029975456175006e+00
-2.665566768524470387e+00 2.121564051558916031e+00
-5.016088001599991131e+00 -2.714326524013469744e+00
1.044439809887718118e+00 2.902079038497410668e+00
6.582913826611933139e+00 3.447766757390126724e+00
-2.501544661652955193e-01 -3.867562458004254911e+00
-7.097827624219566367e+00 -6.142287374513412779e+00
2.839741425606213454e+00 4.502257981498633654e+00
-7.209757756862110734e-01 -7.219289252771683429e+00
-5.977121216107352808e+00 -6.228622972101735655e+00
3.745275037235167304e+00 1.865149554438285673e+00
-5.146333225927235411e+00 3.030724010556895109e+00
-3.434377105184366563e+00 -5.281421526578202297e+00
