9.118907318629846159e+00 6.070193103078983299e+00
1.102514723393982621e+01 -5.079632156049778580e+00
-5.510393776847872793e+00 1.251175021185652048e+00
1.003004646139212142e+01 3.447531560271132056e-01
8.858695630625835093e+00 -9.313326326597556104e+00
3.207963851211120154e+00 -6.809533987796417165e+00
-4.449092299152859753e-02 1.108900341382982724e+01
-4.843286142373404601e+00 1.227636655241228603e+01
3.204394485946153726e-01 -2.791199603912066785e+00
-1.272367181352383136e+00 1.112780663874493037e+01
2.759071153811480381e-01 -1.122126574584899217e+01
-9.238589645277466289e+00 2.455166758748701827e+00
7.992062039549075791e+00 6.087521396774724813e+00
-6.808640477730048879e+00 7.668125643447893047e+00
7.078357951998547115e+00 5.461524581565014635e+00
-1.147486118630227203e+01 9.652043606359162808e+00
3.809385991855363418e+00 -7.852366005951443739e+00
-1.034024621259383636e+01 -7.284847644663732247e+00
-4.073195239080161123e+00 8.809712885802427618e-01
5.402129489073067781e+00 -4.362153827955612684e-01
2.728940523922726014e-01 -7.648651867793884840e+00
-6.916254122336641608e+00 -3.894841942236917376e+00
-4.927794305655508467e+00 -1.201845877919898520e+01
1.009669873234600423e+01 1.162202625830965985e+01
-1.235303431122700246e+01 9.018058737799808711e+00
4.230483131860548696e+00 -6.426576821477357093e+00
-1.079613205861504710e+01 4.314628369795987517e+00
-7.624371357520767667e+00 1.135492963772981767e+01
-9.854925401956389219e-01 6.832691724497056640e+00
1.810289806689651337e+00 -6.384570881409285192e+00
-9.098717116084934275e+00 -7.535666638664738848e+00
-4.533396603314393758e+00 -2.770055466995077431e+00
1.277179055989655865e+01 1.180037279670644423e+01
-8.978027501781054909e+00 1.382007817410821238e+00
-6.329597427179107783e+00 8.650012755020849653e+00
1.709177645230121723e+00 -1.699465016124229511e+00
3.433523347311848717e+00 -1.034634196727456867e+01
-7.968957634149318459e+00 -7.351032808974371946e+00
8.490712190655438363e+00 -7.195478098139247436e-01
1.360906611564997704e+00 -3.564983605836767655e+00
9.651966233451508614e+00 -3.981409858580602812e+00
8.559502577544888524e+00 7.054028465907221879e+00
-7.768086480109574588e+00 -5.883439002545413743e+00
-7.374512772005681782e+00 2.648528629974295612e+00
-1.869577880701171591e+00 -2.258186123160071723e+00
-3.091501957590341298e+00 1.175229921385313503e+01
-4.427354064184770621e+00 5.881903337300551371e+00
1.745068117549860132e+00 2.864592906069034939e+00
-1.126308514508276382e+01 -3.665029309537098268e+00
-9.930387512690808549e+00 -1.244521162322959107e+01
7.345299986931332903e+00 1.255906001517233328e+01
-7.903983368311027213e+00 4.780575686128731405e+00
-1.065458614208204224e+01 2.937224116113505534e+00
-1.170286667816475656e+01 3.315953284605446250e+00
7.909711143699089675e+00 7.893374804045036441e+00
4.840349274949037550e+00 1.215305017187408332e+01
-9.251917706099629157e+00 4.796660281132458792e+00
-1.245205327799727435e+01 2.490279834051878805e+00
4.343310668112968287e+00 -8.941311086003286279e-01
-2.551474533099827302e-01 9.991037854046496136e+00
2.669629403276957191e+00 3.767932667230899924e+00
9.238907922570291475e+00 -8.255899212786312447e+00
6.989201489977434179e+00 1.102335957204264894e+01
3.517985081352445142e+00 8.718216340666916864e+00
6.260359924062822046e+00 1.216802452124179013e+01
-5.344475260608210654e+00 1.070618802797360480e+01
-6.281573308098104214e+00 -2.937539738425751779e+00
-3.866171673327787772e+00 2.366309148988023914e+00
8.568042791578166728e+00 3.845572170052410588e+00
1.141569431843300997e+01 -1.257661257857120241e+01
4.222270195233744694e+00 7.391705620033959256e+00
-6.051164158809423377e+00 6.924537951745687869e-02
-1.034583031457453473e+01 -6.090904160346404694e+00
-4.902562324286903639e+00 -3.803220861845383549e+00
-9.127566880760259238e+00 -3.586002699193766130e+00
6.588704921797219782e+00 -9.543539702930894819e+00
1.128966742638840159e+01 -9.706119547607443110e+00
8.991699831219523986e+00 -6.795125530698737037e+00
8.981831965695224795e+00 1.175602834785829387e+00
1.218805165513616373e+01 1.087335601771502169e+01
1.124900446915990671e+01 1.182185047184703208e+01
-3.442468791981132537e-01 -1.402781786984941270e+00
9.602572551933867828e+00 7.182703874607194727e+00
7.384881382263296601e+00 -1.048599246526230289e+01
1.013658578826407819e+01 -8.979828837423770693e+00
4.468707153313977720e+00 6.120815715877026442e+00
-3.108376046940411808e+00 1.410846379421813790e+00
-1.022931067142308414e+01 -4.320169319637773953e+00
-1.184727934054136256e+01 1.097997658531203058e+01
-3.117603839065123950e+00 3.337134790464779677e-02
9.354342566360607236e+00 4.868591824207181951e+00
6.158782466517330967e+00 -5.826946189600622716e+00
8.584252447571254052e+00 -1.054704086437663335e+01
9.239023017241025926e+00 1.280261564993169188e+01
-1.200474628412108302e+01 -8.533852545198721273e+00
-1.235140678817506910e+01 5.277423808509959180e+00
7.289875835060378506e+00 6.991178657226105209e+00
5.379929680397883551e+00 -6.457641880234183063e+00
1.209802684742702183e+01 7.179010198202128379e+00
-6.522334894027634888e+00 -1.142124475864506605e+00
