6.821245582799044804e+00 -4.636512910306900270e-01
2.528303428627431404e-01 -3.222024232254007692e-01
5.527015450401552066e+00 -2.053405415139943901e+00
5.832663165928734905e+00 -1.061589370776606644e+00
1.307413294849689933e+00 2.592443819246962877e-01
-1.424656931721217379e-01 -4.191027360259974799e+00
1.418923070995027125e+00 -8.757385036068974227e-01
3.461378062716400805e+00 -6.392966009467826005e+00
-7.287928282833879834e-01 1.573420556499497691e-01
-6.404573116361559570e+00 3.637954267302341282e+00
2.297009030135238827e+00 2.195439794919145093e+00
-2.544543702253418527e+00 4.008755528832117498e+00
3.406705297758278128e+00 -7.994025085638101213e-01
4.354668503684932190e+00 7.381874556201513116e-01
-6.667715414438272203e-01 1.231300066018382822e+00
3.424063920436913655e+00 1.533251705067940396e+00
3.055664670014277995e+00 4.880969419207881188e+00
4.708836724183095512e+00 3.225690082979174811e+00
-1.874591046846276088e+00 1.227686038813782687e+00
-7.353761983586992734e-01 -7.163208275040638284e+00
2.495383419395970748e+00 -5.388783769477154983e+00
-2.360729921145940935e+00 1.263060454356115803e-01
-5.365060897245679250e+00 3.317071055818342717e+00
2.297748812214222447e+00 6.726212706397100227e+00
2.516804219980924184e+00 -7.114889674374996531e+00
1.803023656795788909e+00 -6.256503955190449773e+00
2.109001020605747012e+00 -4.232646530143492569e+00
-6.067291657435737839e+00 1.322013655460301251e+00
-4.943138032041304974e+00 1.803675427415760479e+00
-1.888990860271966277e+00 3.082512956563782769e+00
3.509700121787424187e+00 7.309184595864873124e+00
2.232436061265181682e+00 7.717709580194999086e-01
-5.792682452345692123e-01 -1.053659442316283501e+00
-1.303400365782898085e+00 2.065812025407105068e+00
-5.204019805123525799e+00 4.457253420827262502e+00
1.561277795437149951e+00 -1.977109921559117245e+00
-6.030154794456764833e+00 2.413845195527729359e+00
1.359887107097446757e+00 -7.303688150492215314e+00
3.368919334159356183e+00 -3.426730596245268767e+00
-7.394635737933424657e+00 1.906216826997165548e+00
6.072125363373224616e+00 4.589609946616461933e+00
1.241139664938186948e+00 1.357260553762217326e+00
3.579696405777557544e+00 6.089071524349412456e+00
3.772054367801352726e+00 -2.298359551351794927e+00
2.457300609163744376e+00 -1.294492277260690161e+00
5.486931974836212866e+00 5.512187531486563152e+00
1.896013724972640258e-01 6.143934633195784478e+00
-5.012741844281131121e-01 3.064325044416981836e+00
5.667983935312220112e+00 3.608605377861514363e+00
1.746181069202872749e+00 4.447040954074047647e+00
2.493080451049800583e+00 -2.575636279454961652e+00
4.480697617699086699e+00 1.952899001821698732e+00
5.521597343715288986e+00 1.106242607736231953e+00
-2.502771127040234855e+00 -1.005486254157037962e+00
6.399825657489667918e+00 1.845786414575801615e+00
3.578533977803327826e+00 2.837997375912559850e+00
-1.501282498601802073e+00 -5.421098462620447256e-01
6.943903592224700994e+00 3.900091184642158204e+00
1.378175637428996625e+00 -5.113908608473860085e+00
-1.528701601987260572e+00 -1.688774413420565557e+00
4.341468820197633249e+00 -5.506633986763057820e+00
2.765111815479630586e+00 3.859251115742277527e+00
3.282235553467383049e+00 4.015842021090594294e-01
5.679247056268408755e+00 3.900709965326012996e-02
4.628329807147514963e+00 -6.667509106264044583e+00
8.055232986061353628e-01 4.934992947924667916e+00
2.279511857518169649e+00 -2.882179037891471340e-01
-3.479933838248718825e+00 9.498011865814781629e-03
-2.453541024307725749e-01 4.245726239942597680e+00
5.490580372237938711e+00 2.429468420163856557e+00
9.243080656921925931e-01 -4.059308430959426062e+00
-7.300308679795544542e+00 3.081071063800077781e+00
6.693552678596068617e+00 8.400605918065690014e-01
1.898498108074970769e-01 -2.962396591911241828e+00
6.501471528071737893e+00 2.952571010295277798e+00
4.746623729504333422e-01 -1.510314943330403503e+00
8.649552093000152375e-01 3.641311856453271378e+00
2.598512387102232535e-01 7.226216186736245994e+00
4.718899899438412149e+00 -2.883536030628472968e+00
-4.875221839231325682e-01 -2.187749344873867408e+00
2.107020178870231852e+00 5.600818656085094993e+00
3.123485910998009984e+00 -4.529829763504829465e+00
2.915511545845279606e-01 7.394872738415908531e-01
4.518346024734637645e+00 7.005426896396272696e+00
-7.261895033187175663e+00 4.375682589719064874e-01
-2.536307552171919610e+00 2.175633187877248798e+00
1.889822592593587869e+00 3.263602381611753867e+00
6.632141993665894297e+00 5.596258657910192724e+00
4.015268766665599287e+00 4.059506676383705326e+00
5.867146929892382623e+00 6.693912139661446048e+00
5.016496145581168520e+00 4.468325509069300594e+00
-6.277344098672872796e+00 4.735852112655104307e+00
1.891657858392009617e-01 1.949034126818936175e+00
4.380750166545361424e+00 -3.723201525350433583e-01
1.506830443145106280e+00 -3.205309695513734791e+00
4.251472794096375907e+00 5.263012279581524844e+00
6.200767437619080225e-01 -6.515347048169883415e+00
4.670593495953860419e+00 -1.449752988899685846e+00
1.177580206647154570e+00 2.366325555024646921e+00
1.315334120936142215e+00 6.322159590636317716e+00
