-4.014516651204763420e+00 -6.863843836060746106e+00
-7.050512564098474488e-01 -1.618385445433310421e+00
-3.523318719972866386e+00 5.919361253819276136e+00
1.097906548655050996e+00 3.084314863332285217e+00
-1.384419860650288214e+00 -6.952087936283274594e+00
3.419524726769920253e-01 -5.987005886312790182e+00
4.872679244174331181e+00 -2.407525081091263175e+00
5.968542665750369736e+00 -6.345418567338147575e+00
3.330015131849523691e+00 5.124619792248012118e+00
1.628398823978298271e+00 -2.877359221444750759e+00
5.325991596086227631e+00 -2.163430482156980528e+00
6.050517891144078675e+00 3.251229748204751857e+00
-6.895277733546101295e+00 2.392763692257074748e+00
3.504220231774358929e+00 -6.777397498077842641e+00
-6.145734886826794252e+00 -2.812358811404072956e+00
4.102222886986568895e+00 6.199466762626364869e+00
5.120119606447336658e+00 -2.784119523797745632e+00
-8.296673772432389127e-01 5.166904035940894424e+00
-1.165026103130515578e+00 4.514592893555143149e+00
1.480852584425815799e-01 3.632440853353705368e+00
3.109202206214595865e+00 1.060915739391217638e+00
2.594055848256001440e+00 -1.297744834867650798e+00
-3.294533389970092596e+00 5.391409515828884835e+00
-5.280814402502822524e-01 -9.956224102202033688e-01
-2.351274986804779754e+00 -6.953541773253002489e+00
-5.277330800853648363e+00 3.589210570812289447e+00
1.426960380979071186e+00 4.431250362869465498e-01
2.459510733253642556e-01 2.548518824412822514e+00
3.926071874341444889e+00 -5.649001718077407475e+00
4.053284803591294505e+00 -6.180439780987861731e+00
8.587040785613516691e-01 3.678825262807033702e+00
-2.083196685604671750e+00 1.646662305514972890e-01
4.709516191256465589e+00 -4.042250928044936131e+00
2.004417802023627182e+00 -1.606269113930800740e+00
4.394889641415233861e+00 5.651746661380234293e+00
4.176118601645663730e+00 -2.933670914921715944e+00
6.869957995454397448e+00 3.656403778389083037e+00
-5.765245430382417879e+00 -1.277203797912314531e+00
-3.182540315143445042e+00 -1.216071083627316751e+00
-4.317589044852701008e+00 2.643506945526504559e+00
1.583589754642437786e+00 -5.555395448021561045e+00
-5.788448859371165156e+00 3.100108533439341341e-01
-4.260668696264692912e+00 -5.356268005977149471e+00
-2.012110652553881440e+00 7.236002683327603657e-01
2.555279022112466158e+00 6.806228045566718343e+00
4.410509480194101606e+00 2.549567745092229831e+00
9.021411567939898735e-01 3.007362072923080998e+00
2.850696563034097686e+00 3.235291346599515894e+00
-6.948491154286461580e+00 6.074143935756278090e+00
-1.065586282137316765e+00 6.002349993537954731e+00
3.820863821360452328e-01 4.384609487012029128e+00
4.265197769410736583e+00 1.750875839591145677e+00
4.872914762824889223e+00 2.442155099842950428e+00
6.526727787746063214e+00 3.170357590605956233e+00
-4.825759770231420331e-01 5.370721320773600205e+00
-5.748761076043544804e+00 -3.392956541367829981e+00
5.292763489204630467e+00 1.253055265060194712e+00
-4.979344366582765247e+00 3.355692810104322632e+00
-6.609382064828293046e+00 4.710151244714691487e-01
3.949878627198710745e+00 -3.254609756804082821e+00
6.195426116234266978e+00 2.934822928536456210e+00
-1.636472113882157631e+00 1.799746389259034851e+00
-3.349395764060982272e-01 4.759798132524523773e+00
-2.650223483627222265e+00 5.826657594036069199e+00
1.500095539583449877e+00 2.010025796403637877e+00
6.626226354035427590e+00 4.094117651122233248e+00
5.574460585874458474e+00 4.724915803912344892e+00
9.964743714302768396e-01 1.869326109963475924e+00
-1.757375916669331462e+00 4.754735773675506039e+00
-1.822523600614547101e+00 -1.278835435384220176e-01
2.035505794972143789e+00 -1.045451352907702081e+00
5.933945181619761478e+00 1.572821911601743228e+00
2.389449047490004752e+00 -9.563694709807124550e-01
2.334968232770170182e+00 -5.440632077093994212e+00
-3.834683416709769310e-01 -6.412431050804593191e+00
1.904986492768464545e+00 6.032676418640677163e+00
2.999741478037629694e+00 2.474765824714054041e+00
6.484385461724209598e+00 -5.348518013789401948e+00
-2.330708237955608109e+00 6.813167264988014615e+00
-3.525379322115176794e+00 -5.560680065235154679e+00
-6.087463549821806374e+00 4.337524098980434673e+00
-4.718726415727380719e+00 -6.551926739569720937e+00
-2.686012572077810745e+00 -2.879777170643336603e+00
-4.558708180899577300e+00 3.079119395661607861e+00
5.847556666604320164e+00 1.461749883007997797e+00
3.341834362263135461e+00 -6.193448406233116543e+00
1.768059725493828171e+00 2.204871622559618771e+00
4.100921516570307790e-01 -5.080355029248678073e-02
-6.904064081097218697e+00 -5.734617225489410330e+00
4.460628038572770571e+00 -4.681421287131461106e+00
2.236448272903257095e+00 -6.742877663123304721e+00
2.039322371657553479e+00 3.201794464697236720e+00
-5.684591286347218997e+00 3.040664081306449162e+00
-6.413956594966305769e-01 5.410615917370038552e+00
2.008599837094254159e+00 -9.538371867278097604e-02
-6.817346574821151250e+00 6.666601728267067095e+00
2.526276797717910583e+00 -5.752385805766423665e+00
3.798682401191195268e+00 -5.096099308475947609e+00
4.838251923190165726e+00 -3.953670391678253182e+00
-5.471812815929959939e+00 3.949950622977032033e+00
