6.917953883277545124e+00 -5.400395152998254567e+00
2.877035491992121496e-01 5.709284298121367840e+00
7.228058629442326577e+00 -6.972122792927982537e+00
2.468682489852220385e+00 -8.159565133144395244e-01
-1.695635748565282430e+00 -7.960706493747269796e+00
5.991647970249888822e+00 -7.334599748800926911e+00
-3.793474336661806223e-01 -9.356748309553987397e+00
-6.567981518781865979e+00 -8.674969454370355493e+00
-5.587910662941916184e-01 6.860947955121369235e-01
3.940084663046178992e+00 3.458715255466285221e+00
-9.666988999161747032e+00 -5.724087130094832609e+00
1.019404465857656650e+00 -5.056483431479457558e+00
-1.129576116798978624e+00 7.783480589119247561e+00
2.465929932289968818e+00 -2.488793962558423445e+00
-7.971384396179129972e+00 -8.481499529198666565e+00
-2.535118154984908223e+00 1.394692753211554725e+00
-3.823620982084947606e+00 -1.110083008066591104e+00
-7.830767523472514036e+00 5.298058879933103427e+00
-7.193815131142129005e+00 2.568868635675067846e+00
1.316873701683731746e+00 3.045412888936820828e+00
-5.189978147321203217e+00 3.022747068882075006e+00
5.063540904400163356e+00 3.332622451621781945e+00
5.842735610868995622e+00 2.484689732182770339e+00
-1.348551002344215988e+00 -6.163819274474105825e+00
-3.891713587883677938e+00 1.549282271119017729e+00
5.060245617124956574e+00 -4.274816818496356419e+00
9.360569151255090148e+00 6.963269909511981659e+00
3.458296397884840778e-01 -1.600639227877624360e-01
-7.556723157340569763e+00 8.602804668746774297e+00
-5.473592181773915044e+00 -7.384243881800212073e+00
-4.550786936090798207e+00 -9.016942390948379682e+00
-2.564141860187433952e+00 -4.434559046442159147e-01
6.119292692314532545e+00 -8.692504222130887470e+00
6.348381386139022808e+00 -6.238965912310467488e+00
8.307901547379698215e+00 -3.418541304061855968e+00
7.673238612379932988e+00 -8.524760262320574711e+00
3.932319588206675931e+00 1.118653291164587005e+00
8.411044373835636634e+00 4.607496235311456800e+00
-9.491748693859486607e+00 6.223656214737213865e+00
4.996521882419187044e+00 -8.023699761622534510e+00
8.756367452872513724e+00 -5.881482671586229394e+00
-7.096522412098227761e+00 -4.199778121826633348e-03
2.001631175491061398e+00 2.234471304254749047e+00
8.687846483760699456e+00 5.856563190088284188e+00
8.658593656281155404e+00 -6.932397751981538292e+00
-3.017339078579354350e+00 7.700357715528347136e+00
1.002785102700044728e+00 -1.545212882046047564e+00
-4.968009963852234812e+00 7.629933735015984375e+00
-2.956891343777396930e+00 3.829306498525208990e+00
7.266959284378433637e+00 -3.484520787317392454e+00
4.571217290868576200e+00 -1.760256342598656376e+00
-1.510844234269817843e+00 1.237726082892333324e+00
4.455379459006249654e+00 2.276431079845338434e+00
4.434957800817723061e+00 4.497191472509732613e+00
8.907403986025522968e+00 1.089373857903530363e+00
-5.781402161159358677e+00 4.179343090601744137e+00
5.533146087437164518e+00 8.704927316181265695e+00
3.422002546182441041e+00 -1.916125446186901282e+00
4.354348864306753164e+00 8.992288516674219745e-02
-4.728217048907354947e-01 2.598378068050744893e+00
9.259048764053016356e+00 -9.017487927057864283e+00
5.446972754777682724e+00 4.497227490111103343e+00
5.217373913207572045e+00 5.510404324836090773e+00
-4.558460472603996116e+00 4.064737166099980037e+00
-9.578106403208760611e+00 7.400310438379387179e+00
7.468919410205709042e+00 -4.560149701440770365e+00
4.285633804526223223e+00 -7.190228912430434605e+00
1.823724462940694568e+00 4.156278596622107635e+00
3.794027858552809995e+00 -4.256137644518144469e+00
3.413863086792928492e+00 2.503524666422717537e+00
-5.471683986480851303e+00 -8.368733559715002102e+00
-6.672406818043713272e+00 5.552175207588131656e+00
1.355639538621581597e+00 -2.993537349613038856e+00
7.505569297197767220e+00 5.843653499558604025e+00
3.828280316063338518e+00 -8.796191324635214137e-01
2.195879603416763359e+00 8.056392545549606155e+00
-5.099986550015576103e-01 -3.495097349023519762e+00
-4.543119364417594674e+00 6.230814863131087122e+00
6.282568900160740988e+00 5.984720345261803409e+00
5.235487744684820477e+00 1.399973841091578519e+00
2.460772093415819040e+00 3.369482160333160170e+00
6.541523551482739229e+00 4.596916011145829373e+00
9.879363937248513139e+00 -6.805405396482833602e+00
-2.231710401122741771e+00 -5.431752678442874682e+00
-5.644166196369345023e+00 6.630393367881487698e+00
4.091012282132322042e+00 -5.811071535818997269e+00
8.717286748477098612e+00 -4.425317354300513983e+00
-5.438922311915486141e-01 9.409539695253007707e+00
-6.175171225527300578e+00 7.743856092949877201e+00
-5.485032930309529320e+00 5.172638248418499174e+00
-2.443541187843979223e+00 9.453623177193689386e+00
6.174187131180032928e+00 3.620048852949488971e+00
5.190389628584014758e+00 -5.910970601825915161e+00
8.586879640964665938e+00 -7.997847484711489763e+00
7.636722985857193002e+00 6.935033972412723458e+00
5.825922484637851895e+00 -5.030406531367384027e+00
6.463806395032461793e+00 7.044417669763956447e+00
-4.656258353454520105e+00 3.300362802255846217e-04
-6.832430142216433744e+00 4.450685027829197615e+00
9.514308845156953964e+00 3.450381806339869684e+00
