1.334055646966827524e+01 3.694711928342929053e+00
-1.469580785856253868e+01 -1.430139871144407593e+01
1.287978749095482200e+01 4.771389301306516728e+00
3.440788430065503611e+00 9.148335014341203220e+00
4.653970249730075004e+00 -1.547152617746337455e+01
3.970710458144144361e+00 -2.257799910767398277e+00
-5.387162834093482289e+00 -1.290614157475147827e+01
-8.840887204182244830e+00 1.447373043575997542e+01
8.310613623931638827e+00 2.782442601223426681e+00
-5.232964270158496634e-01 -9.613574193209373675e+00
1.452646967816242807e+01 3.127625920119420311e+00
-1.408119775943198881e+01 -1.540702476276425514e+01
-9.585244245933456142e+00 1.352312520455346956e+01
1.624595649377613138e-01 1.618018855289293345e+00
5.921903657796858678e-01 9.436440343805559294e+00
-1.034853028490637072e+01 1.415786885673464113e+01
7.864928515313039270e+00 1.437160541836347605e+01
1.419549711022608030e+01 8.703854852672687770e+00
9.409261174250023174e+00 1.338142984670344937e+01
1.182712133111638231e+01 6.445598168945812390e+00
3.987939182751524037e+00 -3.689083944626964651e-01
-9.730277071961189961e+00 7.557634542881693562e+00
1.213569555347162954e+01 1.226151922905831082e+00
-1.761059176532929538e+00 -1.049989788775429922e+01
-6.663487374489396764e+00 -8.499999236430108240e+00
-5.638098871892990971e+00 2.755533727098237184e-01
-5.807485741376290811e+00 1.480107031299194853e+00
-1.549134888115197128e+01 -2.845650161949095480e+00
-1.332534215964685309e+01 -1.430406687028260926e+01
1.468686064083978948e+01 1.285408113737207891e+01
1.311314562058956845e+01 6.387967837169233221e+00
1.111543112710870140e+01 -7.786996984616195938e+00
-1.257879056094509451e+01 -1.135948442085760846e+01
-1.252165719727214288e+01 -1.358050182047745658e+01
-1.707353315152512874e+00 1.105529545163830640e+01
-1.099620065883365960e+01 1.177310745956180504e+01
8.984481113932773155e+00 1.480484723541949599e+01
1.395932340122847037e+01 -8.361731683910257118e+00
-1.305033958190316490e+01 1.047996132900212451e+01
1.531691887352303816e+01 1.186697548115115186e+00
-1.467197871997692182e+01 -1.855184194401610087e-01
-1.062158976751641060e+00 -1.148286115567117349e+01
-1.049056111094375510e+01 6.709983568219538341e+00
-1.129803362507231768e+01 -4.417021700682439267e+00
1.230074859515541519e+01 -1.058392764350162274e+01
2.246770583340139016e+00 8.387370637221783554e+00
1.242325328888024139e+01 -1.178487522712517510e+01
-3.163596162985720106e+00 -1.266430428942439335e+01
1.608896772290396848e+00 1.039812751289878001e+01
1.167737699758812653e+01 4.635065322604961402e+00
-1.557253393330338298e+01 3.880836916017518679e+00
-1.015703430751675107e+01 -4.661351955251062051e+00
6.337420336171147639e+00 -1.044500267252598746e+01
-6.809305296697246490e+00 8.538531222974350854e+00
-1.055542100905090708e+00 2.117403912840620350e+00
-1.294972198242812844e+00 6.382360819396613927e+00
1.554340977992166728e+01 -1.356108222153009635e+01
3.086514790038934475e+00 4.786894002972772455e+00
1.267790002123077819e+01 -5.874766330582414042e+00
-2.118584256167734381e+00 9.275281374728924222e-01
1.121940233185267211e+01 -1.110622774820513037e+01
-2.866428413738958625e+00 7.761726800753197431e+00
7.071310098649098208e+00 4.003061625684354752e+00
1.561515945050707010e+01 1.482314647661711682e+01
-1.041991960188484079e+01 1.285032743265317379e+01
1.084497695197333833e+01 1.308901953295441345e+01
-1.384296600359668439e+01 -9.879200621189170306e+00
-9.166597799609224495e+00 1.231962399805540720e+01
-3.322672186426578911e+00 -1.418707939671827134e+01
3.506050212775250197e-01 1.253672376666464139e+01
1.232043290142897263e+01 -1.558503147826828616e+01
-1.322228631969428214e+01 8.309821163827152191e+00
8.480386332433777596e+00 7.936315474247389590e-01
5.525634164739518184e+00 -1.208114244400753812e+01
-1.294539762935864324e+01 -2.724216981473974730e-01
7.086592875602704567e+00 1.121797557902235809e+01
-8.340965290121255649e+00 3.449741394202098910e+00
-7.052685504330058031e+00 3.124846745234995282e+00
-1.512976165588232469e+01 -1.565147026063304736e+01
-1.762776085015951066e+00 1.348812796291102423e+01
2.959912765918505162e+00 1.365732800684966186e+01
2.032423090836486423e+00 -5.725660160053221759e+00
-2.450115956901351755e+00 1.188821738045173326e+01
1.831756448726095332e+00 -2.725808415112240812e+00
1.411252898835754799e+01 1.251591706679845650e+00
-8.486786722776750835e+00 -7.776786567768807501e+00
7.771450336107408319e+00 1.768796729696274106e+00
1.089221991123072719e+01 -1.318253931564363590e+01
1.569114089846127547e+00 1.163056491970006512e+01
1.111058633601305345e+01 1.022559699265934796e+01
1.674779852945081915e+00 -1.406328463263806050e+01
9.569659909296940326e-01 -1.705525947085359650e+00
8.274231584112040849e+00 -5.269462400560601445e+00
1.093728016218314814e+01 -9.246635291880577867e+00
4.137936255758945414e+00 1.346162455654240553e+01
1.471287271858871826e+01 1.150925250365565233e+01
5.183527480738564286e+00 -2.355558848166216190e+00
9.398820541394506733e+00 1.993227998714502958e+00
1.362117674475450890e+01 1.219429180179760053e+01
-1.559697601357949459e+01 1.159209733526650332e+01
