-5.210465452337556869e+00 1.920869040561863639e-01
4.697346615505392897e+00 -3.349999242392939447e+00
-5.181595324848438544e+00 5.584355552152071134e+00
3.470098091554132402e+00 -9.553728878096090504e-01
-5.696328862057831621e+00 2.497786408999232766e+00
-4.839826006728281449e+00 1.535443600801777331e+00
3.346064295436270153e-01 2.335511190444554686e+00
1.750697119915965105e+00 2.446327510006579775e+00
-6.840881509685758033e+00 -1.298295170549386701e-01
4.350381217495916886e+00 7.744825081646681042e+00
7.357044999126395979e+00 2.480472128980323987e+00
-2.184512094477394584e+00 -5.057253724397344108e+00
1.564915965878044046e+00 -5.113097039422894952e+00
-3.380345755253785778e-01 -7.677851450809256129e+00
-5.027578347816375803e+00 -6.435815979749745175e+00
5.065063234010168891e+00 -5.345719379643110614e+00
-7.189089922992934589e+00 3.742677119738631930e+00
-2.919648647107859318e+00 7.528396322853682321e+00
-2.701338314200492974e+00 6.112986684409689175e+00
3.592359177367252521e+00 3.513143478443983447e+00
-4.236482368313314595e-01 -2.565627933359192703e+00
2.365810293308363566e+00 -1.923465786596088911e+00
3.816724985870241227e+00 -6.104664593353103186e+00
-6.904634242283768764e+00 -4.096782092315442547e+00
-5.135212522757481857e+00 -2.989905456585128629e+00
-1.837983162401416903e+00 2.608342751498258782e-01
2.615808225919510122e+00 2.996695880439188109e+00
2.374632453927931763e+00 5.725561113398000224e+00
-2.236921443312527735e+00 5.065778115481561095e+00
-3.465774632581601011e+00 1.789306473752990012e+00
-7.527357713563983310e+00 -3.142549861543704637e+00
4.831825553940936047e+00 1.646174951610224646e+00
-3.313864527108394853e+00 4.679024726461156192e+00
-3.892747644610592417e+00 -3.091774823591926236e+00
-4.951428239037941381e+00 -7.428451537165708274e+00
4.857913833515071111e+00 2.895677903139434406e+00
-5.042119024033334007e+00 -5.265972725123217124e+00
7.071638450516670282e+00 -5.701316364432532424e+00
-4.450679672454606717e+00 4.165567575123714228e+00
-6.846238163560163237e+00 6.634549580275780123e+00
-1.798679218493440590e+00 7.296777922445536468e+00
-7.385265941852457772e+00 4.927731869210436599e+00
-3.928226133851838053e+00 -4.856161037865610375e+00
-4.530525566799697756e+00 -1.193018029847056294e+00
4.383127672067346658e+00 5.548079096107817243e+00
-7.764408491972159432e+00 -4.790186659460955454e+00
2.570369923642582322e+00 -5.163359045611609410e+00
7.367426760216049253e+00 5.289914200816454581e+00
4.155632190950377947e+00 -4.693510843547610278e+00
7.324280588027826333e+00 -3.764102962633924410e+00
3.960201895909117642e+00 5.794411045510265978e-01
-4.246727686983300387e+00 2.657271129118084829e+00
5.158060277455888354e+00 -5.768501341812378724e-01
2.136828113218198322e+00 6.947875529529465410e+00
1.068613582326683742e-01 3.941321341803551981e+00
2.208925470024940552e+00 4.550350393838949792e+00
-4.870631299226793609e-01 6.897405885549698468e+00
7.179441199637196291e+00 -1.952428531467624406e+00
7.435411365494538849e+00 4.259235853109692549e+00
-1.784405581762130710e+00 4.203001452215015199e+00
-2.936198852146833183e+00 -6.475778805129035476e+00
1.020070553731837304e+00 6.002082551321289650e+00
-1.523055741455723311e+00 -1.735579117119913972e+00
6.101518463894752387e+00 2.700228363880297966e+00
-5.433430257523520268e+00 4.468874445209201518e+00
1.744557476257166395e-01 -3.478558550650872050e-01
-3.166423715954720386e-01 -3.671937428180994445e+00
5.984455239531519588e+00 -3.698821820467712573e+00
-6.564061428987734814e+00 -5.834101685143824767e+00
3.231008769972582240e+00 7.781565082295960778e+00
-8.511862458536461062e-01 1.763600994662041677e+00
-5.676387416254032203e+00 7.243285687967154551e+00
1.838190749500969168e-01 5.497222692369104990e+00
-7.498369246358614681e+00 -1.665629268822409470e+00
-4.079536885795801204e+00 -5.971828363607074586e+00
-2.893459419487812045e+00 4.100395267450340775e-01
-6.254067099258140416e+00 1.286973058286294602e+00
-2.288859496007580319e+00 1.883643913698233252e+00
-3.377235214827013277e+00 -4.961645946822278441e-01
3.482743614381824226e+00 -2.918808406812070544e+00
-6.792204606611996986e+00 2.265230826064005942e+00
-4.777122308133498585e+00 6.744726433903341700e+00
-7.732013670097325431e+00 7.709534731684602349e+00
-7.360462432794053989e+00 1.293651041280628800e+00
-7.601962649341811762e+00 -6.809841698558776635e+00
5.924931403899055482e+00 3.862064759263591718e+00
6.929836482958907418e+00 -7.820776561738128407e+00
6.240952056660073133e+00 -2.235862337897412677e-01
3.281791783408019025e+00 6.305833187517547955e+00
1.421030672021594832e+00 -3.927414184213243065e+00
-3.847196161128296765e+00 5.687720628255988231e+00
1.914116646911325104e+00 1.150906569363645104e+00
-5.765215661371282607e+00 -4.159536728722375010e+00
-1.930936567976835772e+00 -3.548821024985136408e+00
-7.862356564873894449e+00 4.802813518600896336e-01
-1.229716444898919514e+00 -5.298767213000774134e+00
1.332998835527331005e+00 -1.313334473228569665e+00
-1.653008189308117215e+00 -7.412906732453944381e-01
5.895605176754908250e+00 7.626925176956866892e+00
-3.168054311185994454e+00 -3.953386895428812497e+00
