1.540867333669099004e+01 8.919491868261625100e+00
1.433697812725060139e+01 -3.126294629334091635e+00
1.119744954149138216e+01 -5.436977290178927724e+00
1.540669286705264263e+01 6.573713603923707183e+00
-3.184013007568323506e+00 1.413299538539480338e+01
1.217509362872282175e+01 -8.347208973258997133e+00
1.322540460950158980e+01 -3.331172533718167905e+00
-1.299822819528706752e+01 4.041010455395496415e+00
1.258243286233497926e+01 -2.400032573334696551e+00
1.263744371474430039e+01 7.213402645048295092e+00
-1.517475364497554402e+01 8.440635729198461945e+00
1.271002369973826163e+01 8.273171605246124827e+00
-2.946758511044930806e+00 -5.873680302150332544e+00
-1.318301695118890748e+01 6.249936460955324513e+00
-2.238075844582385621e+00 -6.694206563844273816e+00
-1.504609827041498349e+01 3.951627962041546649e+00
1.505337341815886454e+01 -3.997071744679593586e+00
-4.482930618798132372e+00 -7.293377339220890931e+00
1.276326339758503359e+01 -4.340152916549330442e+00
1.152315448588744395e+01 -2.515699497438039334e+00
1.053533137527264962e+01 -4.506234778524430773e+00
1.389427489107307601e+01 -7.197208941044335617e+00
-1.402850904178321478e+01 4.504315392461234246e+00
-6.286900659983742479e+00 -6.120271973901835416e+00
-5.565554217128108938e+00 -7.477850964028909253e+00
1.184562440632900682e+01 -1.498952523340648435e+00
1.002983449987847386e+01 -5.626946880025196940e+00
-1.406420896098053142e+01 5.630796765428858208e+00
-3.308998593482215700e+00 -6.997542203114655024e+00
-4.240561755710879233e+00 1.395540348895297456e+01
-4.923578367841104253e+00 -5.318561246972937973e+00
1.070419174385184213e+01 -6.449451325633873466e+00
-1.500045907436375714e+01 5.015518147064822685e+00
1.408008299455230805e+01 -5.987396230056686086e+00
9.353105894122080599e+00 -4.686264736584796253e+00
9.642337228144187478e+00 -1.829677290397695000e+00
-3.754797574116419678e+00 -5.080523117947649325e+00
-1.307922938081369146e+01 5.109380051400080447e+00
1.192537863040453772e+01 -6.368340453426363901e+00
1.146704031841566618e+01 5.786111615263154206e+00
1.552850486717150780e+01 5.476257727885657900e+00
-3.672248266007875905e+00 -8.031219069731164950e+00
-4.664470766006708402e+00 -1.567267021022429319e+01
1.368420362510731891e+01 -2.189393707919618848e+00
1.214093656468186744e+01 -3.469590486486777703e+00
-3.537129954864966397e+00 -1.561646993181861376e+01
1.460211556819006162e+01 4.809629816862727836e+00
-2.840122214275502710e+00 1.516892376924506713e+01
1.242272979297947977e+01 5.015609897905291881e+00
1.259192923609097470e+01 -7.881882405981360806e-01
-1.421678651966280960e+01 6.823693500550720437e+00
1.452872278415320828e+01 -5.020034650240422280e+00
-2.836489344747497476e+00 -8.896968643011760491e+00
1.255555921189447055e+01 6.100917493449571793e+00
-4.107274148383801560e+00 -6.111955647354856858e+00
1.356261437069031395e+01 7.700066482225821574e+00
1.352501798858309812e+01 8.997338052544371578e+00
1.143892636907402149e+01 -7.370997233861748654e+00
1.344310559405564298e+01 -5.135998774847624126e+00
-4.284046598559147156e+00 -1.464632476496118052e+01
1.357767081369074624e+01 1.010847280042157692e+01
1.450034954421525235e+01 6.015222917981872364e+00
1.010647466691275476e+01 -7.133833584290157903e-01
9.142330669302982216e+00 -2.850404591189672043e+00
-4.772837062566049227e+00 -8.326729392260689977e+00
1.576811904457606772e+01 3.274631783047925460e+00
1.232172343138338455e+01 -5.326103067005039549e+00
-1.510800841290618912e+01 6.129600603689572047e+00
-2.459815601179161426e+00 -4.868562988418609905e+00
-5.007516750370266223e+00 1.483894137000811853e+01
1.475117071006205194e+01 3.734130572420903960e+00
-3.894425353460500450e+00 1.501921305208443869e+01
-1.418829415230102953e+01 7.991258021023960545e+00
-5.267947230438344342e+00 -6.430967757582277677e+00
1.107349693944372149e+01 -3.480240056009583416e+00
1.387053557213480914e+01 -4.181587765137711799e+00
9.911690308275105110e+00 -3.639552560369297307e+00
-1.399394960599074800e+01 3.386383353334179613e+00
-1.519505083420330038e+01 7.277723858584306704e+00
-1.738192354677331020e+00 -5.699473685917602950e+00
-4.546695042149902832e+00 -4.262430557302455014e+00
1.450167364009405269e+01 7.167448716708390677e+00
1.563372640504731059e+01 4.416483919406218206e+00
1.163713479226163727e+01 -4.478361850266808553e+00
-3.957957942580133892e+00 -9.067491119947442613e+00
1.295308177169748198e+01 -6.222292193271293570e+00
1.444661475830966957e+01 8.367549256326370255e+00
1.261351190279959766e+01 9.549180390366444726e+00
1.322073339240334100e+01 4.217388409939181848e+00
1.074053331322001625e+01 -1.583569809488609925e+00
1.451577953335226212e+01 9.470266379305659399e+00
1.354106181639576612e+01 5.279421176918325465e+00
1.349205099432225019e+01 6.599448424769286170e+00
1.254892269434161456e+01 -7.312269403744570795e+00
-1.329337231159788324e+01 7.370631047330414631e+00
1.030848848144562524e+01 -2.606780406706100894e+00
1.127967191736223818e+01 -5.362586233592038232e-01
1.542701447412134641e+01 7.769632954406153758e+00
-2.484693350814417556e+00 -7.787778081874648706e+00
1.318243875305461543e+01 -8.209555314643747437e+00
