-2.185019121953662324e+00 3.199350838885012815e-01
5.748843842725486653e+00 9.525466272952599622e-01
7.119581459950747870e-01 5.684921304246600471e+00
1.016124644167724300e+00 -2.593281319135208207e+00
-4.524256398552402914e+00 -9.455627123156610248e-01
1.874847545350060596e+00 2.605582906421280320e+00
2.656877404189342151e+00 5.030584504055599204e+00
-6.908776871033023959e+00 -1.591573438736424428e+00
-1.637782432018896062e-01 3.141787903049404029e+00
-5.879039197662122795e+00 -1.565138600031332095e+00
3.879656491141522778e+00 -3.159635211094768970e+00
3.939663666365829098e+00 6.673029800317426208e+00
-6.575907197498586321e+00 6.573582683463100373e+00
-2.071563758733587335e+00 1.232649325213213798e+00
-8.973705694444322756e-01 -4.398434844296930990e+00
-4.549500634180413394e-01 3.460494369464471864e-01
7.032739338063276335e+00 6.151782717109417487e-01
8.036958849982436259e-01 -3.186374893443689515e+00
5.108383922220703255e+00 -4.176545681713170310e+00
-1.526350750547777357e+00 3.291584428945544705e+00
3.728203852073704638e+00 4.015073545888015794e+00
5.799788346214698187e-01 2.622821877399959867e+00
-6.839800083254931273e+00 1.106641802091881566e+00
4.294842935434649789e+00 4.641459942472535793e+00
6.877166754467990417e-01 6.806683532743141640e+00
-4.202791842237947328e+00 -2.726020561859234803e+00
-4.858549342450018571e+00 -6.539776969814627527e+00
-5.749447484382495865e+00 -6.024306715400615936e-02
-4.259152565483259600e+00 3.974101070600996044e-01
6.926664487669381920e+00 1.405127015496912657e+00
-6.958127883111599132e+00 -1.858323649142651357e+00
2.335510805136495449e+00 6.006540272634184774e+00
-6.660285390350485502e-01 -3.808593580002137546e+00
1.066351543315460365e-01 2.935801143985794504e+00
5.295941737013214023e+00 -5.711126280778699105e+00
6.823423755380792599e+00 6.650485158332628544e+00
-2.198153042516456601e+00 6.605937894258866905e+00
5.033917817325722410e+00 2.690685344750676222e+00
3.073709836267039530e-01 6.108275335703203801e+00
4.337691992436247368e+00 -2.828234041170346824e+00
-1.118540386756055938e+00 -8.679434364140670155e-01
-1.483298735996371409e+00 5.224145281007397834e+00
-2.005848713168687514e+00 3.033337883368429466e+00
6.282190822598173519e+00 -2.896842470943558734e+00
-2.155064689719870863e+00 -5.539530704602349864e+00
-2.300192241466283427e+00 4.700543141315189466e+00
-7.420591988861863220e-01 3.886841677934305128e+00
7.048860379278488075e+00 -3.206662703229217648e+00
-1.385717030699993302e+00 -5.731441757374432511e-01
3.573645172106144630e-01 1.972758172534335497e+00
-2.140262792550860382e+00 1.868406159016093859e-01
-2.924861986820782578e-01 5.190106574782866744e+00
-2.913160960094068663e+00 -2.014736606977786670e-01
-3.552333589655524371e+00 -5.166086284339741042e+00
7.081855630245676991e-01 -5.447919028080746573e-01
4.791579086044321478e+00 4.108219961277848498e+00
-2.334575727205520757e+00 -4.042042951183642430e+00
2.305887404471022695e+00 5.929474074893096969e+00
6.928855193541503255e+00 -4.018057676560884417e-01
5.326634088641721831e+00 -6.959804832280548581e+00
1.293204846408845698e+00 4.082957485662505270e+00
-7.031517609274660074e+00 -6.875528285665196693e-01
-3.519097157030665057e-01 -1.067328665123436382e+00
2.913052111038478387e+00 7.060278995807405700e+00
5.311505677760324673e+00 1.789062293746131571e+00
5.305336094768712263e-01 3.570616581542677359e+00
-4.910173306888014899e+00 -1.398323371649624197e-02
5.097200826832792853e-01 2.998709451409411919e+00
-1.106235489295809948e+00 5.748015616329294808e+00
5.556760954584653023e-01 -1.761778347046144000e-01
4.458176040826859143e+00 -4.223242969276141068e+00
-3.323885142512875923e+00 2.236289530231221345e+00
-5.218507987846082052e+00 -2.481963981795823670e+00
-5.890515348975945642e+00 -1.404241133322210677e+00
-2.118285303100944539e+00 3.638479657710286919e+00
2.544460796872549224e+00 5.540009767596204782e+00
3.679142650844047679e+00 3.790690953037922473e+00
4.050042478779639410e+00 -3.669843318541393895e+00
5.889514288425433008e+00 6.679784653060981015e+00
7.356995403505335318e-01 4.293987067882338415e+00
-3.836645877605366350e-01 2.729954506424352889e+00
4.849109034223725523e+00 3.069206089668814919e+00
3.489948334502679939e-01 2.982865706316195631e-01
6.533301541581664207e-01 2.396395435696687670e+00
4.108053358092536911e+00 6.760858458210410760e+00
-2.191969925322023727e-01 4.298494054023212385e+00
-1.324477426971923055e+00 -4.401411026010037197e+00
4.423438726437317392e+00 1.729690378971476594e+00
4.449493262096025248e+00 -2.459980251312889887e+00
-4.888906109848440096e+00 -1.681755233666956562e+00
-4.252198237467008646e-02 -5.745972396185906383e+00
-6.293068981661886774e+00 -4.956741351068160384e+00
3.657614830482500246e+00 2.312071411416517730e+00
-5.321017854223116572e+00 -2.500787220902829233e+00
-4.542431805873304640e+00 -1.081577058109453038e+00
-4.422738321479485757e-01 5.409167511471755674e+00
-5.352969761290655271e+00 -4.512360424645892820e+00
-2.690426868548895012e+00 -2.064384997248557285e-01
-5.019965712342461472e+00 -9.939463903026035663e-01
-4.294190565585322972e+00 9.252822486955358805e-02
