7.953911834454205909e-01 7.378586544596601904e+00
3.395427885682190894e+00 6.743917486726109800e+00
-5.064213919630699223e+00 -7.336783008304679221e+00
5.987093620506489522e+00 -2.446534072043355934e+00
5.958883310165115077e+00 2.278751738608087329e+00
-5.385924817168938894e+00 -5.737538044381582658e+00
4.244549917993537314e+00 -7.258698078034143464e+00
-4.226803899790303021e+00 -1.865758043396200216e+00
5.880649371459819363e+00 -4.869943106586332782e+00
6.315981635107350556e+00 7.216788297752831483e+00
-1.372733467403929097e+00 2.791265611274048819e+00
-6.823503765755227768e+00 1.045776944122877250e+00
4.246436702828947141e+00 -5.802655456234998788e+00
-2.000877103244449451e+00 1.476234569477379965e+00
-1.251560179786023630e+00 -1.724251562936812920e+00
9.121118997248771620e-01 2.854993963615855890e+00
3.017048385036893432e+00 -1.945566389523028850e+00
-5.633476341615412331e+00 3.510360088279691038e+00
1.698459204636092235e+00 -1.748199915720342501e+00
-4.113156369185530181e+00 -7.584015846610094869e-01
5.272381468733310150e+00 -6.378724926320497701e+00
9.353610781372820870e-01 -6.097511006883386209e+00
2.331073208201591918e+00 5.695257636272101465e+00
-2.961756353857340152e+00 4.690689274389752583e+00
7.348262012620283556e+00 2.935135489122568497e+00
7.262652727071185588e+00 -2.603999233475167596e+00
-3.100320620225081480e+00 -6.634274407948285157e-01
6.896113204653157025e-01 -4.949562909081819839e+00
3.208039314285612509e+00 -9.560263533386200718e-01
3.926914604392162556e+00 -4.242668569236999865e+00
-8.291621262324260222e-01 6.806709127225543554e+00
-1.704287501619594858e+00 4.276917957333949971e+00
-3.030405837354388510e+00 1.804199076400255564e+00
-1.264709661625570414e+00 5.372131371236235964e+00
3.826763093104737501e-02 -1.894219588432950463e+00
-2.541819762111104719e+00 -5.224664925854223263e+00
5.705569201590945383e-01 4.276607167128746667e+00
-6.471410839346054544e+00 7.424561464830623514e+00
-4.702296824311874568e-01 3.371955447987474486e+00
-6.536341560140570550e-01 4.431965177164785885e+00
-5.338978636017927215e+00 -1.733251956977741592e+00
5.245828890009994971e+00 -3.844614714186203042e+00
-2.390951247888968734e+00 5.792750391474656091e+00
-3.868362887823936891e+00 8.353868445822313360e-01
6.574088327449532088e+00 -4.124706416492514904e+00
1.892880785769835317e+00 2.642688894019436852e+00
4.531274193974700992e+00 6.662298224558059090e+00
-5.562380901019696289e+00 -4.047616099938211143e+00
9.401556491272373695e-01 -8.674130865625337972e-01
3.057251722662675419e+00 -5.805231872835895146e+00
-6.864570003328610781e+00 5.348618558628407627e+00
-1.070806928312735495e+00 1.181862412243682270e+00
-5.135037796676652277e+00 8.829442069375682545e-01
-1.605115304809802801e+00 -4.736159498119920652e-01
1.783348921369618090e+00 -7.214241645721056528e+00
-2.219626208371485276e+00 -6.772657043861968873e+00
-2.744684386621239369e+00 7.129202970029041353e+00
-1.779993749782737611e+00 6.882180583681527963e+00
8.488964741518656432e-01 1.739045976217468814e+00
2.796807219901908947e+00 3.777251560457933977e+00
1.501040676142599617e+00 -4.090232270953451099e+00
4.369969041476090554e-02 4.041347735289463339e-01
-2.714344993376837101e-01 -6.247466256172769405e+00
-6.561256397580154776e+00 6.353306426741570867e+00
2.828211359542365244e+00 -4.186995795706585533e+00
-4.080287179394852082e+00 4.924089826320416030e+00
-4.168607105666967350e+00 6.292148640386034053e+00
-5.811543724088922502e+00 -6.653313167596497379e+00
7.449517929491126011e+00 6.650044386007341934e+00
7.177622511959897977e+00 4.088659586475745789e-01
-2.364215891153504057e+00 2.077409916256132139e-01
-2.594036448739286627e+00 3.805403145581901292e+00
5.433472839744150740e+00 -8.198914560229872972e-01
4.590767299201978791e-01 5.690547255949563343e+00
-4.226847759614231315e+00 -3.073210185157521313e+00
-6.591148345075327875e+00 -2.169479589499729411e+00
-9.541007447301633748e-01 -2.986409623855909690e+00
-5.039098956863634626e+00 -3.068505468729938457e-01
1.037815545328422351e+00 -2.642397764540217242e+00
1.566528858374823807e+00 9.695774303374862235e-01
-3.386364502750868866e+00 -2.471564946881619207e+00
-5.246963857484349347e+00 5.652479980864398179e+00
-1.611611458453482859e+00 -4.596903715238815913e+00
7.100028782236124769e+00 -1.401248240106654830e+00
-6.601995365119400994e+00 -6.039673522731614508e-01
-7.064089797058278997e+00 -4.686978307469828131e+00
4.636909693677981892e+00 -2.492097205930177140e+00
5.251823760857168288e+00 1.193283643588295861e+00
5.774164973073784957e+00 6.116768394834332767e+00
-8.176977201619642921e-01 -4.110771417828571472e+00
-3.386829413673612343e+00 -3.788789775948967709e+00
4.123160689294445902e+00 -1.377747124524479672e+00
-6.798421108635757548e+00 -3.507576211355816653e+00
2.141966247590751493e+00 4.711483928511261077e+00
1.635316258366331432e+00 3.866286168852600902e+00
-6.061617259364084909e+00 1.999513279780566588e+00
7.343997694950345156e+00 -7.070247029579602049e+00
2.456267681236193212e+00 7.060003833061657019e+00
5.325309485003148602e+00 4.252111551986518023e+00
-5.832612283299840605e+00 -2.797403236639520507e+00
