3.747162873949488215e+00 9.996847488085270683e+00
-8.326023918589978479e+00 2.612913345634136686e+00
-5.606071168923950410e+00 -5.478525579744534468e+00
6.614725456782057478e+00 1.164709852435051651e+00
4.214736247534964342e+00 -2.785451226193456531e+00
5.385530581792005833e+00 2.541118485646066905e+00
-4.463252737258532221e+00 -6.041737409721875673e-02
-1.441695437101353949e+00 2.768394371274301768e+00
-8.385865493542340232e+00 -5.449133642685193735e+00
-6.931023942811644911e-01 6.408442281460001944e+00
-2.657788539767669711e+00 3.151404538239435560e+00
7.908713210888948630e+00 7.529830525160026156e+00
3.789808584849390982e+00 7.897434429018141522e+00
3.397813477877041244e+00 -9.037865375609287488e-01
8.725713715318375918e+00 4.046103843048804549e+00
-6.105966853960373086e+00 -3.285918725095757331e+00
-1.231207752437669889e+00 -6.262161197438541826e+00
3.005069587143476273e+00 3.318396860551196870e+00
4.320785685163774925e-01 -8.903242317947787754e+00
-4.404294490553601449e+00 1.931888302952708303e+00
-9.226491606690355951e+00 5.060219025288970052e+00
5.073623844522076709e+00 1.491108597203349762e+00
-6.899755662417585533e+00 -4.576038718297785302e+00
7.539842831490932262e+00 -4.908379459055064231e+00
-7.977649378641274325e+00 6.767757182709949859e+00
4.370672403465926337e+00 3.003929248324886725e+00
1.482712010439020345e+00 -4.978574206957573800e+00
7.879003529520054450e+00 4.872264913194437774e+00
6.730511835671117993e+00 5.573295570469747773e+00
-8.275145727674276586e+00 8.277684758602990911e+00
3.262984473527140050e+00 1.479836305566944787e+00
6.427997931839879442e+00 8.755037360593776796e+00
-6.629511699600739050e+00 -5.657602577276406031e+00
7.680137119866948581e+00 1.788418433820271991e+00
-5.068764637325549494e+00 5.734052055082479171e+00
1.809613686957132650e+00 -3.736407817536344655e+00
3.680060333261779615e+00 -8.256277538860304688e+00
1.028135390588291953e+00 -6.655588302167734227e+00
9.736763739567825482e+00 4.631015996924634948e+00
-3.144494791239181630e+00 -3.871134469145339985e+00
9.977408699733901543e+00 1.482025866014070381e+00
2.824897256951675595e-01 -4.809005723949629996e+00
-9.238551238792457099e+00 -9.003657177549541757e+00
-4.470546515258918774e+00 -1.913558480958502228e+00
-6.916115638138721877e+00 -9.692324243649400373e+00
6.697746824507647467e+00 -9.182394494793250317e+00
3.520983656104607062e-01 -1.156200034824356182e+00
-8.542422759417444666e+00 -6.872991099160075557e+00
4.459234016648938592e-01 6.517632717722539937e+00
-5.682615800103036463e+00 -4.249994494977427983e+00
-5.214452783346313680e+00 6.766412389874373545e+00
-9.516569540375845904e+00 -1.407631821313538867e-01
6.638185517294668436e+00 2.387610904461912487e+00
-1.999523559883381818e+00 7.904804423968100124e+00
5.770407505483282407e+00 5.566735753238889473e-01
-2.119938512117871987e+00 4.962390146911845434e+00
-9.425852591275949877e+00 4.110014936021658016e+00
2.115656356715048592e+00 8.936363141604706684e+00
-1.315667127032499051e-01 8.491520852542372433e-01
-6.967994838771505606e+00 -7.991596413725428505e+00
4.699396080919169272e+00 -6.168937997951566388e+00
2.267672873330144057e-01 4.024447602928214351e+00
-4.008228201524733691e+00 5.918446581506928261e+00
5.494588783607711413e+00 5.190039297013649744e+00
-3.290878311975640624e+00 -6.446335547610090089e+00
-2.407891211436486323e+00 -7.355668073082600955e+00
-9.745935260827673474e+00 -4.621976615157438850e+00
-9.252080575965347720e+00 9.697278714875487537e+00
9.620079442925732138e+00 6.706687880979226080e+00
-7.075902824328754726e+00 7.611743375187399074e+00
2.535935373008217031e+00 -2.047707025371817036e+00
1.969167698072401995e+00 1.724928189723503591e+00
6.804223728133229621e+00 -7.105185252619728331e+00
-3.928785515107991788e+00 9.414010998051908885e+00
3.977913465854251207e+00 -4.135220273030787652e+00
2.935582371298231408e+00 -6.022069701200378766e+00
4.604720202362307724e+00 6.869156499268003202e+00
2.343125752240788451e+00 -7.556819324052385767e+00
5.843135304888791293e-01 -5.503689022230029426e-03
3.271700900692954272e-01 -3.716220962499888536e+00
4.774966586009493419e+00 -8.272902837655491837e+00
4.789113545950024253e+00 -7.494740350068933576e-01
2.023216951658332263e+00 -1.022252358199632782e+00
6.521601974658515211e+00 -2.679981382167408999e+00
7.398820007923372799e+00 -8.338666791620282126e+00
-7.282888591369202080e-01 -2.069751262295040639e-01
-3.293605097432094286e+00 -1.887096887703344494e+00
-9.499879694597964885e+00 -7.583362467471604695e+00
-4.923670163815020651e+00 -8.521848864997913608e+00
6.029897131128664434e+00 -5.460975498005148587e+00
-3.446161808290996831e+00 1.332190690722838133e-01
-5.657028097714915660e+00 2.873132992904966709e+00
-7.365022796695108731e-01 5.241349105924630436e+00
-4.248245177135046902e+00 -3.869706480695518813e+00
1.115666312094853119e+00 -2.348150782810174420e+00
7.950966663204805940e+00 4.569980204321121842e-01
-2.071941755525745332e+00 -6.630038485733407150e-01
-2.047930826115103908e+00 -2.401907962666385288e+00
1.762470587745027295e+00 3.436787879044997496e+00
6.084205812457682327e+00 -4.027198471687998271e+00
