5.465186240237344784e+00 7.530592990507735784e+00
-6.889307244275347131e+00 7.114799856848676995e+00
6.414948010646650545e-01 1.877838687264850925e+00
6.890782865934009571e+00 -5.481795468794217641e+00
1.570344960761538955e+00 4.929659882511341351e+00
4.765312606600875966e+00 -7.230443512624191271e+00
-3.112964954956534136e+00 -3.846042491402182684e+00
7.257228514490220661e+00 4.875735353097484293e+00
2.947809261508819834e+00 -7.431214239946222655e+00
4.960509732873970457e+00 -5.292118767815821911e+00
-5.654636495075566316e+00 -6.517267787639170251e+00
7.669278475393213057e-01 -1.539464209346755874e+00
2.152247872999371037e+00 2.076297957681993989e+00
-3.752064715798901773e+00 1.840477873099551687e+00
2.063849940817604534e+00 2.095280496376417112e-01
4.059804350822264318e+00 -3.199472575109697736e+00
5.715373505176074787e+00 -4.344727394214893401e+00
-5.446412099805733931e+00 -7.860586963640761482e+00
-6.346281078980662294e+00 2.147302446750813054e+00
-7.025100474865134892e+00 5.594699432597132649e+00
-4.958503161494715705e+00 3.624904368398643051e+00
1.206474307089876241e+00 -2.506371314343633028e+00
-3.875182696290612849e+00 7.788292760243434865e-01
7.084677611774409245e-02 9.698695332647011558e-01
-5.837951867497946701e+00 6.173100270320836636e+00
5.414479075428938692e+00 8.329858972585861832e-01
2.746834876332851838e+00 -1.935629061159774622e+00
7.742595485698307023e+00 9.403641543679770454e-01
5.905188654673273696e+00 1.680037960868974833e+00
-2.320002435320548617e+00 5.141185187016530378e+00
4.726589334228870065e+00 4.714147750197238196e+00
3.783334836101703402e+00 2.738273492687198107e+00
6.508958175918957423e+00 7.749572728143460099e-01
-5.917189009516936160e+00 9.290810109277529705e-01
-1.271582305917136058e-01 -4.146394328148191200e+00
-6.543207157541285568e+00 4.671649911178693770e+00
-4.244293944841682986e+00 -1.403320471492830734e-01
7.508127120118714082e+00 7.811527422239750607e+00
-1.588916988484233128e+00 1.482802464544872301e+00
-4.215662016522286670e+00 -7.703208856105761448e+00
-4.130594879173714595e+00 -3.833455203102947184e+00
-4.682151500812075540e+00 -5.653945850375628801e+00
-5.260235251863230488e+00 5.142262062610558182e+00
3.736194595149437525e+00 -1.454253738148830521e+00
-1.720206721106380510e+00 2.569705162034468859e+00
-7.414531280234267996e+00 1.674954505142218775e+00
1.589090261325223130e+00 -8.050323055364204672e-01
-7.304949717471981074e+00 -4.014857753977117305e+00
6.177011073303849686e-01 -6.697320318965096497e+00
4.349733560999601956e+00 -4.234699265282457326e+00
-3.726887812198123484e+00 7.092250865079297029e+00
-7.062944175111439904e+00 -5.877515383635939727e+00
-3.634348312601566544e+00 -1.792909146177691149e+00
6.220451319843356863e+00 -2.418860563703033151e+00
-3.945106822456133644e-01 2.340736391514278036e+00
4.900802123036153146e-01 -5.112890182819902485e-01
6.472284308901206096e+00 -6.680113331084726269e+00
7.184358963594097425e+00 -4.289039500498500246e+00
-6.732403208707780529e+00 3.322183495626669814e+00
-2.419160070234970483e+00 7.717826136575904883e-01
-4.003310850762223261e+00 2.930731786299920039e+00
-4.567841170546997454e+00 5.846037442541679674e+00
6.408416904995554830e+00 -1.342809204368201614e+00
-1.487252446937303185e+00 -5.769524506082161608e+00
1.868836547524207248e+00 -5.217857208972480620e+00
-7.480874405093609347e+00 4.011725504218306426e+00
-7.452290381077994574e+00 -1.598815338124824681e+00
-5.821702717122321680e+00 -5.881770375008223972e-01
-2.665729406643550181e+00 1.949566973760587407e+00
-2.433053940191061582e+00 -6.567053617461990900e-01
-3.437105166095008268e+00 4.450755686371044462e+00
-5.685975401472074253e+00 -4.823632195818706059e+00
-6.647346299218987120e+00 -2.514046459880670437e+00
-2.690582963472060718e-01 5.521803956257057777e+00
6.188703611974381680e+00 6.226734295142289710e+00
5.388319386373755293e+00 -6.919749782057736942e-01
-4.393366506566902530e+00 -2.690787506377043670e+00
-3.536870707841289097e+00 6.011984624272856514e+00
5.917392845444479077e-01 7.905284512232566563e+00
6.993677143883195058e+00 -3.136680367293717797e+00
4.921144527805903834e+00 6.163060941194501652e+00
3.942685682171578332e+00 7.649497445706482601e+00
-3.051477309196859444e-01 7.326977770894687048e+00
-1.649708178858312335e+00 6.226245253411065050e+00
7.088154380528433052e+00 -5.150238176745922658e-01
-3.598234694032624859e+00 -5.071379893045166121e+00
1.111414175371274737e+00 4.304281949681024178e-01
1.798273053329579874e-02 3.240326763099324214e+00
2.773367452422454971e+00 3.742557519341111583e+00
-2.505509622252727997e+00 -2.936760252813175320e+00
-2.696503802283154450e+00 -7.510271890753635660e+00
7.623651837255991381e-01 -4.549656046320921909e+00
-2.455395880074404236e+00 -5.451423512543987826e+00
7.315486657252589175e+00 -1.978498097338764028e+00
-7.812473346372561522e+00 -2.850365382473281084e+00
3.687336526146201887e+00 5.204518798168608740e+00
-4.602916062922862928e+00 -1.094474632777014289e+00
4.141484722130247320e+00 1.527940909856094098e+00
5.506611657783221148e+00 3.831932024612443755e+00
2.452521487157711011e+00 -3.623569716315385048e+00
