-2.093696465988517552e+00 -4.939039232598949614e-01
-7.894338602186726561e+00 2.299777737575679382e+00
-4.929905746580954151e+00 -1.931063741784723398e+00
-3.914009095099620250e+00 1.059713319599645542e+00
8.036868928253017685e+00 4.780924007554908650e-01
-3.376958180504800122e+00 7.044487105051427944e-03
-6.694818067744980894e+00 2.685418897889096712e+00
-1.621963769417422263e+00 4.709528223996583551e-01
-5.432286763122685436e+00 4.226381586104916543e+00
-6.309003944809716380e+00 -6.470671089033817047e-01
6.679326853151390075e+00 -1.064875452370301900e+00
-6.274547429876615290e+00 -2.967200438276924590e+00
1.659924564318018714e+00 4.353036231006141676e+00
5.344013865632944338e+00 -1.483014041048986487e+00
7.715415879781668096e+00 -8.596779746547007495e-01
6.726824326127195164e+00 1.006017136946384838e+00
5.513895879437553660e+00 7.675499291929969159e-01
-7.508188442646940297e-01 -4.881853868961833598e+00
3.910779310432761946e+00 -2.204076046686973545e+00
5.919120132297892134e+00 -5.147563390521090909e+00
5.241347124226521936e-01 -2.445137468161041827e+00
6.969268325804704567e+00 -3.044353775515430183e+00
-3.909352493103035009e+00 2.991384604913740031e+00
7.011482218953335455e+00 -6.587702217233926127e-02
-6.421771957776428508e+00 1.334148471551239723e+00
-7.648910920319840656e+00 3.522080364831555954e+00
1.977112644338903769e+00 -8.156801993276425744e-01
-5.983773082978029123e+00 -1.733016626745861100e+00
-2.694573466806340356e+00 -3.536650769158355523e+00
-1.718348758745437355e+00 1.654017307225856381e+00
2.381454067165467148e+00 -2.071303702942288716e+00
1.018189562848411944e-01 2.296622043904208987e-02
-5.748383261005519884e+00 2.903357567471078204e-01
7.920999240262553975e+00 -5.693419474342176656e+00
-4.205468107152545265e+00 4.134051226916271915e+00
-8.438665510734601582e+00 -6.668421504581986348e+00
6.303711205562728459e+00 -4.075649350339944021e+00
6.275223887101462061e+00 -2.160502439040956180e+00
-7.830642961075373165e+00 1.099686377057022435e+00
-6.671172553840227337e+00 -4.026140482321621583e+00
3.020641228110179988e+00 -1.159344467571104653e+00
-6.253368891914930394e+00 -5.067753374756546414e+00
-4.561331823062964475e+00 2.114870604517985697e+00
-1.978173267710136685e+00 -4.329280962516381948e+00
-5.234962683364901892e+00 -8.774741145048645663e-01
-2.410389897178828011e+00 -2.449746670191482512e+00
1.648668090314286960e-02 -3.694100316103918757e+00
-7.336003082204756609e+00 -4.848360845740242731e+00
-3.720556197885419358e+00 -4.050789468115266523e+00
-8.205973611128207779e+00 -1.696093573150046163e+00
-5.478297778765734982e-01 -2.580310606829806286e+00
-3.406004492327548760e+00 2.028351724919944754e+00
6.773518811730458999e+00 -6.058449751128360816e+00
-1.059557973493362226e+00 -3.597113309410242543e+00
7.531022546486719982e+00 -2.069770649186072564e+00
-7.822560109938077488e+00 -3.769174335461930259e+00
-4.996097693859052669e+00 3.163442712249803446e+00
1.022287512939209053e+00 -1.304981421385065454e+00
-1.059875717786986415e+00 -4.607820215659440000e-01
-6.629499732375768062e+00 3.950557089531332444e+00
4.973157423032448676e+00 -3.945296678725354500e+00
8.401596852753252520e+00 -4.749277420592333598e+00
4.989532094842274113e+00 -2.454298714662374259e+00
2.939785530823952442e+00 -3.534881883055331464e+00
3.235214848845533009e+00 -5.970703708157501510e-02
-6.864739215111871573e+00 2.885801626296859990e-01
-7.855975595381761600e+00 -5.789765583663409210e+00
5.953296069686606629e+00 -1.715766160256734230e-01
-5.604982995317559613e+00 2.305394073671635624e+00
4.951871008248711625e+00 -1.671048917277594414e-01
6.508101912769788111e-01 5.320966421519747414e+00
5.510080377049994205e+00 -6.116222001599386893e+00
4.187991580324465168e+00 6.006326753199857649e-01
-4.625638459861012741e+00 2.240162133091880281e-01
-4.015116864130592766e+00 -9.679627586641367243e-01
2.992540170098598740e+00 1.069958675007424587e+00
3.188501851166206436e+00 4.699059091902629604e+00
-6.888779654488397242e-01 9.178387363459181714e-01
-3.503913448773927186e+00 -2.139349574955635713e+00
8.340622052924375751e+00 -2.861659677086921594e+00
-2.398788325292965151e+00 2.589519893497323366e+00
4.080224257596773541e+00 -9.093461293703872794e-01
-7.599167094668392686e+00 -4.744000871355269489e-01
6.144415569863839188e+00 2.102213850176801735e+00
5.717769683585007812e+00 -3.197742507874790974e+00
-2.885897939519052713e+00 -1.178989569615406685e+00
4.770845499410587109e+00 -5.016443515322064783e+00
4.005983951209129756e+00 -3.335137775193927290e+00
-4.171948296681740054e+00 -2.982812898498570231e+00
-5.612872235430002021e+00 -3.920549574756534206e+00
-3.042962496111518700e-01 -1.214339542904776303e+00
-7.019011703129044655e+00 -1.445809944024290195e+00
7.089948200609047291e+00 -4.981495372329012739e+00
-5.225578631076452929e+00 1.266173703321636257e+00
-5.128937132069129490e+00 -4.956139020018325958e+00
-1.350529332511963609e+00 -1.744682294351696195e+00
7.641719773271213434e+00 -3.912187566652809423e+00
7.689648778777756100e+00 1.517167287540917675e+00
-7.441174047447353779e+00 -2.591663425621550054e+00
-2.547422850800929339e+00 1.000774089393866584e+00
