8.156361264564306879e+00 -3.371654344352578381e+00
-1.404329358232747849e+00 -3.283787400909811804e+00
-5.299152629003140991e-01 3.205430515780203216e-01
-5.089509473450079646e+00 2.225734160433670450e+00
-8.105260138496344524e+00 8.763074252627292893e+00
-4.426200956545341292e+00 8.769534654581659927e-01
-3.500275142752872881e+00 -7.823161261169837566e+00
6.402842933368472877e+00 6.734197572585444824e+00
-7.460441119263218290e+00 -1.824446868691111945e+00
4.560228744618854968e+00 -7.554453281095974582e+00
-4.484529754351902042e+00 7.954912852678354795e+00
-1.276119632031614159e+00 -4.617986919085662834e+00
3.790174490138939589e+00 8.920116240851607259e+00
-2.174486067914792820e+00 5.900572384881457300e-01
5.878767389597210347e+00 -3.969159433973089013e-01
2.855578615000859966e+00 -3.478090966220717561e+00
1.602687963299729734e+00 8.775625673978311170e+00
-5.191324713728451279e+00 -8.577604798732258118e+00
-8.923990111846970663e+00 5.211726237530740491e+00
3.749420906045418889e+00 7.278494904702355051e+00
5.697543170573796445e+00 5.475606678724929566e+00
-3.123049053591061330e+00 5.640337599236379340e+00
-7.927618091805065603e+00 3.353602338270567529e+00
7.904495297572997181e+00 -7.672646572485815497e+00
7.603465147629231424e-01 -7.716344771636713062e+00
-3.607231252614794492e+00 -8.945401073566696226e+00
4.685073839002383167e+00 -4.800684627310913832e+00
-7.312514659517844073e+00 -8.431444498902594731e+00
-2.532194105652263438e+00 -4.178922597766375979e+00
-8.793080447716803860e+00 -2.340802676081336298e+00
8.398232567862599751e+00 6.035563997326847563e+00
-5.676022824876383766e+00 6.114455308975343506e+00
-2.777102173026579468e+00 -6.128462981450871760e-01
-1.561770406264746835e+00 7.315750635354767439e+00
-2.259801290425639264e-01 4.389826608411049769e+00
-5.768624476827460157e+00 -3.098187874693827837e+00
1.238008219777096519e+00 -1.829276236622728646e+00
6.005569213640054471e+00 -8.987004363289571529e+00
2.155734077680095950e+00 -7.425138640125998890e+00
-3.932269242545167298e+00 -6.071558545797967055e-02
-6.721539097057738665e+00 3.290091144672721679e+00
-5.936962132531571346e-01 2.716076592574276471e+00
6.937629821394134311e+00 -4.531599294009963086e-01
-5.065300190285649151e+00 6.949105662992066001e+00
-9.894468017401923943e-01 6.406142362839527316e+00
-4.640341615713500900e+00 -2.737566946890566122e+00
5.679122089894494962e+00 9.205364016391557325e-01
-2.420369401428438039e+00 -1.896957863066679462e+00
6.064769598151715790e-01 5.684615922146029732e+00
4.939825999470873086e+00 1.837040727837780274e+00
1.450358708336938918e+00 6.268419641048453173e+00
-3.637265012919378204e+00 -3.921371448005962712e+00
-1.053656954310799421e+00 -2.329294916214961209e+00
2.949862653964305359e+00 -8.678037608360208210e+00
4.676302735516703279e+00 6.303939701926771555e+00
3.546231987239631067e+00 -7.662354384002154184e+00
4.900312090813488730e+00 -2.376738467226198637e+00
-3.364294617119162556e+00 7.636101346456896977e+00
7.488184372300024094e+00 4.920785678082673087e+00
3.110168203075062365e+00 3.968055586967108805e+00
-3.480217039142251778e+00 -2.821900964550849711e+00
5.106868683023768618e-01 9.216943603641867266e-01
7.007612615534764000e-01 -4.683545222392940133e+00
8.504586782843796655e+00 2.591395512952964220e-01
6.795171239891332426e+00 -3.851358311726924555e+00
1.574851144639705547e+00 -8.360542725217932514e+00
4.193980811262561836e+00 1.745905839123608749e-01
-2.675481812180642738e+00 1.887899187197412676e+00
1.605401756979444317e+00 7.673132440650616282e+00
8.325808727839818957e+00 8.367285395800722725e+00
-1.901402026086150165e+00 -8.318328732774800116e+00
4.737547821669186199e+00 -8.973415872642497959e+00
-1.712848617948379726e+00 4.580507002776456282e+00
7.730349573929684581e+00 1.847124935486885500e+00
-3.364571317531806827e+00 -4.982712727712653944e+00
6.307376633280782130e+00 3.763473450785558061e+00
8.969538542450090191e+00 1.907002800885646332e+00
8.848743985939637735e-01 -3.364002018872612521e+00
8.402341452866243898e+00 -1.263235741628807363e+00
5.053618234032861700e+00 7.311671241612891059e+00
-6.044116376678934088e+00 7.751672967079994869e+00
5.131220451886284728e+00 4.140135904670367850e+00
-7.126818449516571619e+00 -5.575638576753845221e-01
-7.377070226595924041e+00 5.670037964652029361e-01
-1.441896010638970438e+00 1.559706389153822093e+00
5.316719697117568089e+00 -6.395009571353446276e+00
-5.718743044544246423e+00 -1.579917926060432631e-01
-8.275159172161631105e+00 -1.253481440326100316e+00
4.043048111319817117e+00 -3.507504628726009432e+00
7.551820859145628617e+00 -8.732136473186798753e+00
-1.723421488913987165e+00 -1.081527128698663187e+00
4.920816122192234410e+00 8.265659982857682664e+00
3.768414442648671425e+00 1.823172291404724366e+00
6.600664362885426684e+00 -6.608192810710574960e+00
2.798176313180916086e+00 2.150634924666676273e+00
-9.019940253488373250e-01 -7.875044663207543927e+00
3.658131540008469962e+00 -5.024056072210299817e+00
5.481575045171233285e+00 -1.562226727244073299e+00
8.022717970445821578e+00 -2.180940129693706098e+00
1.027079770902369904e-03 -9.098179052647413556e+00
