-5.521992306653362270e+00 -1.833644188871410785e+00
-4.975590202045334642e+00 -8.301634483737090342e-01
-6.724063800584947792e+00 -7.634915541146852114e+00
-7.794541280963225738e+00 7.632984539278274916e+00
-2.497208534390290335e+00 -2.974828057884935539e+00
2.786711168128793159e-01 -1.315277871803527177e+00
-7.063385556699458334e+00 -1.860066109941608703e+00
-1.252830088651968495e-02 -5.406413165188574510e+00
5.661388884978587832e+00 -3.945168933835692116e+00
-4.894021859431967769e+00 6.886152780843316279e+00
-4.448968741740833011e+00 -8.249840207868208708e+00
6.697235927470644334e+00 5.340140841699541951e+00
-3.603268809518422877e+00 7.179879905478379953e+00
3.454139951922820639e+00 -1.697441577045551098e+00
6.015725404187677761e+00 -6.984893083011809445e+00
-2.946893934070338616e+00 -1.746113533454648925e+00
5.808431215640489143e+00 8.714164597571594228e+00
-1.309652625252074376e+00 -1.600119072808724230e+00
3.336825636201332212e+00 8.413081127805046577e+00
3.180058004452861464e+00 3.451844920895185798e+00
4.674447107592297534e+00 3.217463763507277807e+00
1.400777445505777097e+00 5.743251150608395861e+00
-2.953125916326897027e+00 4.135815463742414266e+00
-7.307572094047882771e+00 1.303010850790078667e-01
6.121889227576295944e+00 7.049880316092869137e+00
4.502494141778608849e+00 -2.381519810063010389e+00
-5.018250289519600393e+00 -3.207483229563155902e+00
8.705327386573760151e+00 5.455882211419271322e+00
-6.231421397184399247e+00 -2.876243728279302303e+00
1.401512216155410551e+00 4.483342947485293273e+00
-2.395790525650167702e+00 5.805725392983920763e+00
-1.869290002740022771e+00 1.892290978057611595e+00
4.675160050004496803e-02 5.192467331772957273e+00
-5.244355499366377238e+00 1.504836642574623795e+00
-6.541225271172139699e+00 1.110657036178699375e+00
-5.721988829467357540e+00 -4.367060322731819433e+00
-7.784798267729097887e+00 -9.017594334869240669e+00
-4.569718045711561594e+00 -2.402278936330823012e+00
2.643882459378228855e+00 4.676090076545402319e+00
8.474880135366925415e+00 -8.385108836300913637e+00
9.677725760540691891e-01 7.617193525951408084e+00
-1.964641410994035109e+00 4.818664257465761658e+00
-4.171163565405750617e+00 1.270181402952844207e+00
-3.047895422347008498e+00 2.875306838730437686e+00
-8.228107549273351751e+00 -7.710968402439300817e+00
8.052615053026336511e+00 -1.339163582463776203e+00
4.742331004294791263e+00 -6.740374719792191494e-01
-8.883237233351554352e+00 8.516899544846646464e+00
-2.406405534772666499e+00 -6.982245198910879136e-01
-7.198578965246777983e+00 -3.947882265709444116e+00
3.273101101638430599e+00 -4.386363205405172216e+00
-7.586707563894309558e+00 -1.002991128517672914e+00
-4.708165120311538665e+00 3.133909632182769744e-01
4.593874607561303947e+00 8.324739947744419055e+00
3.769731352247550404e+00 5.397659547326921547e+00
1.676776409837400506e-01 8.515109720693427420e+00
2.745239687279283469e+00 7.329119325548397512e+00
3.221548560962828045e+00 -8.376508204817948666e+00
-9.196049444584407651e-01 4.904058925584998008e+00
2.285037431306459865e+00 8.931825465200899927e+00
-8.348010761221175136e-01 2.584827395683187312e+00
1.194742356896177027e+00 -1.761515513941090294e+00
7.629861831184118870e+00 -7.682104029108010934e+00
-7.822377963659289613e+00 4.422229632256795107e+00
-7.986971496118282055e+00 -6.323155653904024120e+00
-3.279947201590726280e+00 -7.975281841965943030e+00
5.832731142128740665e+00 4.771446375063674417e+00
-6.181966737615926633e+00 4.053311234581398637e+00
3.553816726810263393e+00 -6.969818627813144651e+00
-8.334872371002999714e+00 -4.212400177879274565e+00
-3.946137114764441733e+00 6.157298109255241236e+00
-8.562740662267128045e+00 6.548089953388860351e+00
7.060626069812625971e+00 8.219945529938014417e+00
-7.503682273688002446e+00 6.085786368205261532e+00
4.987115236210023284e+00 6.628602345149357866e+00
2.208034714339458304e+00 -7.996001130704695647e+00
8.360521021364993643e+00 4.361437268065459172e+00
3.506279533496577283e+00 -4.753773705723740584e-01
-7.284435499818330939e+00 -2.821801997690351005e+00
-5.227726125317817552e-01 -3.821205603129277151e+00
2.377963157287493079e+00 -1.957278819787652946e+00
8.923592202439836640e+00 -7.489477575967221412e+00
5.921690957929336641e+00 -8.035537216401690941e+00
8.756003054518883388e+00 -3.360439380757247019e+00
-6.327363640837034175e+00 -1.130821992506897411e+00
7.515013970147705002e+00 3.767581520629780911e+00
-9.063382858801066533e+00 -6.363602851953945816e+00
1.081405681747201752e+00 -4.257495067926234888e+00
5.281411232610589757e+00 -6.021913777264370715e+00
-8.173745366424096659e+00 -1.885550938206044469e+00
3.884254184601270588e+00 7.394597667487968096e+00
6.482466748297757153e-01 2.465937913798950998e+00
-4.630148870897770941e+00 -4.192440663019675107e+00
-7.942343522814215184e+00 1.666307942623930893e+00
-8.668354248521334071e+00 3.366524173252584795e+00
-6.073683219773006847e+00 -8.542146213054298443e+00
-7.650462362077108391e-01 7.969737150367983247e+00
-6.707196207363104179e+00 6.709776328725066463e+00
-3.082124137163178013e+00 5.229898202230165438e-01
-6.199484702326287788e+00 8.677950753966126030e+00
