4.374056128416227374e+00 1.114140700061224898e+01
3.204014732881800942e+00 3.401572987719056473e-02
1.643724238396317539e+00 -4.043257682606041570e+00
8.820221714530079637e+00 -8.751923886927723828e+00
4.813661872038285772e+00 7.817135288963010797e-01
-4.502105188273838321e-01 -2.128711527584883800e+00
1.859651912884942027e+00 8.475423960606034868e+00
6.860173153957071612e+00 1.391572071873739436e+00
2.120910819602474184e+00 -6.052847022943279143e+00
-5.221322315715202222e+00 6.232623003286861696e+00
-6.907024007963549650e+00 -3.948604017292818735e+00
4.419408531310208943e+00 -4.844799842828946268e+00
-4.408780811261785004e+00 2.095265722296371091e+00
1.077769886372839458e+01 1.099198007536841537e+01
6.778346859177400319e+00 1.018338587874253776e+01
-8.386989059205689045e+00 -5.560108236677419491e+00
-5.576893181000614597e+00 -2.926816732046838787e+00
1.007568516204874598e+01 8.219743502259604373e-01
-5.464894955776617103e+00 7.537406234478805978e+00
9.434703844671042949e-01 -2.580173208788142158e+00
-1.676700328073052582e+00 -4.726172475152604413e+00
-1.062022978444656296e+01 8.163074885202229680e+00
3.268112456449918213e+00 -1.104232919063718832e+01
5.887310984043292450e+00 -8.170161229180763485e+00
3.718456488342866351e+00 -8.320728792674900731e+00
7.266582478511343979e+00 -7.446179200414685617e+00
8.884184774937795126e+00 -1.053094125014449567e+01
7.905021517651827700e+00 -5.116802537866460554e-01
-7.454083275135002573e+00 2.017484750645029301e+00
-8.101445136990495399e+00 -3.712059292159037405e+00
-8.684540324529889332e+00 -9.416355793196602708e-02
2.091825505238401828e+00 -2.913496684655628499e+00
2.425122404846244528e+00 -9.870102078028569537e+00
-5.628785746944112489e+00 1.020418837088960373e+01
-5.955703898604023827e+00 -9.668087113656117282e+00
-1.563545910441499709e+00 -2.402180880521237683e+00
6.440951237312576794e+00 3.109847043855998638e+00
4.856948162445863915e+00 2.395207039221300960e+00
1.081746782407254059e+01 -2.238795823816095432e+00
-6.732132657146757460e+00 6.665674865516589165e+00
7.946411679951202345e+00 -4.049873879013627942e+00
-4.050049246355350796e+00 7.486149886329895864e+00
5.966756626288407084e+00 2.171250053845454442e+00
6.994451527716783801e+00 -1.103217445486505532e+01
-8.609240492525149335e+00 5.210104061771052564e+00
-8.520649807849405732e+00 -2.468459008607531313e+00
3.787853968833103657e+00 8.229837259441598718e+00
-1.825551016808726335e+00 -9.085698522360949880e+00
4.012651113204306341e+00 1.737908695406167991e+00
-5.344417738147226871e+00 -7.101910482450753292e+00
1.086136373040263159e+01 -8.500067092566011340e+00
-7.769373448458713582e+00 -1.659285762398956088e+00
-6.656302093420205068e+00 -1.045046425265040391e+01
-5.363518323766330198e+00 2.777488702592070258e+00
7.873094735012275969e+00 7.339335566574129111e+00
9.772858134304676980e+00 -9.663267701134758525e+00
-2.622337522986099234e+00 -1.095574012376535578e+01
-7.914578125802810282e-01 3.924964749719657142e+00
4.401797702685301239e+00 6.624273098435264018e+00
-3.566897173654202113e+00 4.701180402412212800e+00
8.413963040575138663e+00 3.055547406336818650e+00
-1.074926231211432359e+01 6.699933985433812467e+00
-8.469640810663232600e+00 6.720690037915318271e+00
-1.527627643471470620e+00 5.027346139452904872e+00
-7.031183294264247152e+00 -6.456304073804273180e+00
2.890004285053977995e+00 9.058452966980725662e+00
-4.834291901611597275e+00 -1.023900261147278634e+01
-7.980971150215814269e+00 3.124142839419516093e+00
-5.944413100552968565e+00 8.716884902090303200e+00
-7.420426515081953056e+00 -2.921177183713094649e+00
2.045320776085630676e+00 -7.606464517651006396e+00
2.827855170425629172e+00 1.104345583851672252e+00
-6.590702818962315135e+00 -2.235682737600240166e+00
7.517637823020051790e+00 3.349265970632269163e+00
5.941285422007762662e+00 -1.106396791268861612e+01
-7.883836511043653239e+00 8.186900124005423995e-01
2.476348147279511025e+00 -8.746552369026209917e+00
3.165225361376456714e+00 -5.539633583832796582e+00
-4.006884321634645474e+00 5.626560719572809788e+00
2.827436906803526107e+00 2.464035000463188574e+00
4.270884404558804803e+00 -4.780338416982737870e-01
1.507310487024183132e+00 5.077678113305997165e+00
3.786681713684086681e+00 2.897208495310466425e+00
-5.671818227670852863e+00 -1.106754124187583876e+01
-2.954804973155754855e+00 -8.914617295741095404e+00
5.942289758091737539e+00 4.039358031923042880e+00
-9.793835218892319006e+00 7.064828410532619785e-02
3.498035551541510912e+00 1.032409072195110866e+01
-8.752144401222311743e+00 -1.221299122485652422e+00
7.025147132754448798e+00 4.309412016730136408e+00
-1.073247002713196530e+01 -3.502013192617654980e+00
-6.509296401000730370e+00 7.845808966830123410e+00
5.825486196906698666e+00 -9.354023577987787164e+00
-6.751658261025854202e+00 2.946065626967412587e+00
-8.818440076641172354e+00 2.296201171084415016e+00
-1.047527831526509345e+01 -1.735887459075432959e+00
3.286000030371814540e-01 -9.434516435632126274e+00
1.066891639285071669e+01 3.057014504919489006e+00
4.829592303830026800e+00 -8.390528313334593591e+00
5.857075291351068635e+00 1.696371996575254115e-01
