-2.422645221047195374e+00 -3.631585578107581203e+00
-5.091463735028265436e-01 -5.288529980131260189e+00
-1.467148178547624582e+00 -1.396833321833270691e+00
-5.769540992656908784e+00 4.042341107741977524e+00
6.933879063027557077e-01 -4.582713084645691382e+00
5.089125756789451671e+00 -3.265909834541239842e+00
4.559689767902402657e+00 6.064942299780817336e+00
-6.712739825277631134e+00 4.595494155810611936e+00
-1.247111330485966896e+00 -1.207028975041644081e+00
-4.231221575140812874e+00 -3.868376042277499760e+00
-6.905385472952662695e+00 -4.220993939026388198e+00
-3.974966201848036285e+00 -4.118094992386250652e+00
-5.599770999250297976e+00 3.728014110800008662e+00
4.357323111080846356e-02 2.880511216714290335e+00
-5.473711355498443787e+00 2.532076136071385264e+00
-5.720317788573212603e+00 3.997695773849141432e+00
-1.541969542884544797e-01 3.049588473065343752e+00
5.530143754723003013e+00 -6.960857510258327885e+00
-1.399518712144505406e+00 4.711941041694878152e+00
5.276989838710396619e+00 -6.377734049360584301e+00
6.706222472505358745e+00 9.845383704043072504e-01
6.378903534896462446e+00 -2.681797918020093263e+00
-4.027631613474375705e+00 4.294416400811817525e+00
-1.868052685856313122e+00 -2.132005869792649833e+00
-1.670629252926736141e+00 3.387084820727579881e+00
-1.385020621378653782e+00 -4.275990047992674903e+00
-5.780758064905254123e+00 2.324045038223874204e+00
-7.002071773338411020e+00 3.152250684898219468e+00
6.713274537315539803e+00 3.789396609018912176e+00
-2.845410770980399406e-01 1.476701388011180338e+00
6.231847104905030577e+00 -4.988568883440423818e+00
5.679913121354638328e+00 -1.605428076915961455e+00
3.789574862377976139e+00 1.775567654730218603e+00
-4.036148467288728447e+00 -3.586432477672018670e+00
1.807318489320656418e+00 -4.966467805302356986e+00
-5.291131842287263964e+00 1.293694819804185991e+00
-5.888151811551955994e-01 1.624361747991222238e+00
5.999227642077723743e+00 -6.499477163335751762e+00
-5.349973243138284040e+00 3.792054292125135895e+00
-5.140857307207953752e+00 -4.171388952335179034e+00
-6.638406363171563740e+00 -1.182539775083302658e+00
-2.701772693967137595e+00 -3.118313946142153625e+00
-6.773408669517380076e+00 -5.404376906032648975e+00
-4.855429651541617986e+00 1.365203954690870525e+00
-8.330582841082339041e-01 -2.118958614198274581e+00
6.344909658381363116e+00 -2.190352178480539092e+00
2.772175638244831486e-01 9.698497274488280251e-01
2.115591546470785289e-02 6.173250594306283645e+00
6.348874033381167514e+00 1.171430206712717137e+00
-6.833698827085060046e+00 -5.726747841200604761e+00
-4.698895547276064066e-01 1.362626859012206149e+00
2.613356161879568873e+00 1.689417689731056438e+00
4.223481905001772674e+00 6.577179422482056559e+00
2.945506294995796637e+00 -3.801291829472678074e+00
-5.127853789084454661e+00 1.193007593062147820e-01
-4.818165282110336456e+00 2.859656475892693894e+00
-4.848173135912171583e-01 -6.560799967133345012e-01
3.776699773310315589e+00 -4.130239931744626780e+00
-3.805037585283119750e-01 -7.823401988011825514e-01
-6.109812307802426901e+00 -2.863082089273084607e-01
-9.029090006120080725e-01 -2.955003839982736635e-01
-6.026782624241599606e+00 2.582010029833996967e+00
-1.688125288606074248e+00 4.142655566071566042e+00
-5.200007574816732259e+00 9.450438467096133888e-01
2.458317890692109042e+00 3.109107090922844208e+00
-2.071923850190117822e+00 -6.718743097263132569e+00
-6.848735230539754859e+00 5.385873285863116422e+00
1.278643595975387459e+00 -8.040392156218023612e-01
-3.904767836508020284e+00 -3.624936834240391814e+00
5.394170990899656015e-01 -5.114280348283437583e+00
-5.539234878611285495e-01 7.002207972972184002e+00
2.891729381107679409e+00 2.508510441605090513e+00
1.298069766783123136e+00 5.218407897005699070e+00
-4.027676048347790250e-01 5.956444980814166179e+00
6.752021754326482217e+00 -4.553728969375948066e-01
-2.717469853137329139e+00 5.303562490281249708e+00
-3.162066109784004375e+00 -6.599251139134640454e+00
-3.580502426819200501e+00 -2.088243314850341203e+00
4.233069009834364849e-01 1.556167336704984860e+00
-5.134423174706679305e+00 2.691535333170332667e+00
-4.024114531769876990e+00 -3.947232312251948816e+00
-7.818837813192079933e-01 -4.105676671048423820e+00
2.995898912579793461e+00 5.794457961368443044e+00
-3.340372842205410198e+00 4.161020424424846986e+00
3.826074449724352622e+00 4.535881839342978950e+00
-5.934446909387663283e+00 -5.992913886728471695e+00
5.933252846773086731e+00 -2.127106599353353555e+00
5.108216583570237557e-01 6.658695533290367452e-01
-1.065779354722497851e+00 -4.864865600106503152e+00
6.455579610294969406e+00 -4.434807436299025518e+00
-1.141479235223328281e+00 1.579542396528351933e+00
-5.652048489471322767e+00 3.523168226601746333e+00
2.714965060918926198e+00 4.091044696836664940e+00
4.105610534447480475e+00 5.436155979507743652e+00
3.515951928061475495e+00 4.732123789733996055e+00
-6.324057521848027719e+00 -1.389139172809915834e+00
-1.564509324318752448e+00 -3.709621703188685782e+00
6.830987358749387894e+00 6.346830687873319388e-01
2.465078045777871374e+00 -4.953335968931433797e+00
8.464591664872171961e-01 -6.870478268867223903e-01
