-4.245384329732660333e+00 -9.005062205391613617e+00
-3.705649658302947902e+00 1.070982389059512041e+00
-9.213344508392159682e+00 7.067364863495272154e+00
-5.669516339557335582e-01 3.403215869424320861e-01
-7.340216743113431086e+00 7.385067186893335744e+00
-8.433797698238073792e+00 -7.462178260389771722e+00
-4.304045613693455508e+00 2.337077038891753666e+00
-6.479398083116305607e+00 9.822128848117106514e+00
-9.513982523827923643e+00 -8.460926857466956719e+00
9.667700395022713167e+00 9.971633917136935921e+00
6.395816308651712134e+00 -9.915598539353702279e+00
-3.032520161910286838e+00 2.005445370235947156e+00
9.049936988003174365e-01 1.475260114533706313e-01
8.138215592493564188e+00 5.714766294369525212e+00
6.069888776903222372e+00 2.377861250308948904e+00
3.211416999902265701e+00 -6.521771941531479655e+00
-1.484583378345269766e+00 -2.805084529342859456e-01
3.619095613820087820e+00 -2.823251952984288327e+00
-7.054505259086258917e+00 -6.289643057223809564e+00
4.572052828633152988e-01 -4.171905599269727816e+00
3.316857028489998971e+00 5.517193906672784642e+00
6.651816627560438455e+00 7.259084416267877593e+00
3.419721184650867940e-01 7.545391891986151123e+00
1.670466536967309290e+00 -4.023670141916345422e+00
-3.322016502007167027e+00 9.277687131574802848e+00
4.297967272876195288e+00 -8.445554981040158893e+00
1.954321579359871830e+00 -2.325679404808785322e-01
5.150212885071177027e+00 -9.498906175118012385e+00
5.778107016053890543e-01 9.124652852150765270e+00
-7.443265979531897614e+00 4.173341317784572624e+00
-8.404446478937641629e+00 1.112637190715159541e+00
2.429400631157154766e+00 7.661415042887292692e+00
-9.861977453532189131e+00 -3.730429194612467469e+00
-8.058559743467219150e+00 2.579887576702782237e+00
8.330577226111438804e+00 -5.720977765931478665e+00
6.572791193496017037e+00 -6.809996849963679821e+00
-3.613100130793127196e+00 6.143716599729413197e+00
7.398820965475657374e+00 9.993329339774581044e+00
-6.042348911781069809e+00 -4.699639065998659326e+00
-1.833092150063386772e+00 -5.106087893811804612e+00
-3.447150574490257302e+00 -4.945690336213615979e+00
-9.865103159302060831e+00 -7.405559041376735152e+00
5.877738023932246314e+00 -1.834290954784056904e-02
-3.808932348851126637e+00 3.698614870098523966e+00
8.912344666042983476e+00 2.920905524955619281e+00
-2.128752949852055210e+00 8.464460750754568608e+00
9.151010523040458366e+00 7.748778714416737934e+00
4.366145949219613520e+00 7.355619785030427238e+00
-7.379312900792818652e+00 1.594192336812462418e+00
1.175432124700971359e+00 3.634087002908073405e+00
7.103142599051435191e+00 -2.423512890570567624e+00
-9.255099205499091042e+00 8.343937393778702472e+00
2.316965885467208164e+00 2.323554678757724368e+00
7.067045043753565459e+00 -1.274003036056300608e+00
2.383581490201433173e+00 -3.344600620217959008e+00
1.349727855195649751e+00 7.339394727487274395e+00
1.162738872205228091e+00 -1.036571229182523757e+00
8.717729691122656277e+00 1.439604295087775876e+00
-2.035388813926330531e+00 1.371923619649667359e+00
-9.558160923637023743e+00 1.286884035615166733e+00
5.069352580706875777e+00 -4.184449920693548819e+00
-8.857630541358407328e+00 -3.112564030914602320e+00
-5.000049297089978140e+00 4.169605497491390089e+00
-5.942366766842632764e+00 6.446725473571497389e+00
-7.976968148683377891e+00 1.179824250140428799e-01
4.477529003579807210e+00 1.541317964664018769e-01
6.459777775189126103e+00 -3.843187829743800688e+00
6.408598304233888321e+00 5.130501108953028577e+00
-6.848327537912992646e+00 5.972976190083087111e+00
3.430748179975695589e+00 -7.861985118461264577e+00
5.201096437933007799e+00 9.179861633818054756e+00
-8.840129873927168314e-01 -4.678407255574879464e+00
9.783402876999499398e+00 -5.413885305743398213e+00
-4.510535271537503554e+00 -4.644733591944236295e+00
-9.205030523349687854e+00 2.888518109011053436e+00
7.531927788153379710e-01 2.645777733275095578e+00
7.105431507960802584e+00 8.242274975637517542e+00
-6.274402168607120522e+00 1.178657799756375191e+00
9.385068371858348968e+00 3.663929718549214232e-01
-1.432039749821379715e+00 4.232419758290175693e+00
-5.156458841962163753e+00 9.947612330146872850e+00
-6.205290069827391619e+00 -2.232286498289060006e-01
-2.523232108759411396e+00 6.724202633156058262e+00
9.649974063647961842e+00 -2.739527895004425950e+00
-3.516018952802093089e+00 -2.266432274068474584e+00
-4.434458425799942205e+00 -5.344489267087570994e-01
9.805655405778599842e+00 4.634169616957502846e+00
7.055464117495382048e+00 3.858962649679451573e+00
8.525866827004650261e+00 4.598950586266377094e+00
-1.760209627785787490e+00 -3.742985066490424284e+00
-1.143914858830099135e+00 2.671612235925888701e+00
-9.255716107771776890e+00 -4.785316360269340485e-01
5.335282339696735043e+00 4.694628197082539423e+00
8.686473092171793198e+00 -6.728926294555935606e+00
7.112519440506400059e+00 -4.846462386208272299e+00
1.075669816287314062e-02 6.008130441659195853e+00
2.586036113431195993e+00 -4.508349051451146394e+00
-1.420112816689713675e+00 -2.244672256378887010e+00
4.929326087823038272e+00 5.810331671536702380e+00
-4.660168217823465575e+00 -7.924098856802799240e+00
