-3.878133670003922617e+00 -2.358928533902624469e+00
4.956290782705847775e+00 -6.587146926093825350e+00
-6.538313318959225739e+00 6.224142121712163966e-01
6.398825912362482882e+00 1.609367484413308347e+00
-4.758852102564778086e+00 -3.178750297356903509e+00
-1.443025452842670253e+00 3.711343906637979639e+00
-3.894959295609047523e+00 -1.523830931882151241e+00
5.514389093205464221e+00 -4.990740531844260808e+00
1.438808828915988602e+00 5.087914107854763834e+00
3.166535002837953527e+00 3.511313291361385591e+00
-1.434317846542073394e+00 5.311418979847917221e-01
-1.679107292136718943e+00 2.482722861660195957e+00
-1.594775954524037198e+00 5.384611131356485947e-01
1.305665700667749674e+00 4.726728196147743866e+00
6.612398195666345124e+00 -3.983073389439011791e+00
-5.627548009863767575e+00 5.656177054637407053e+00
-3.012311941726402154e+00 -4.353862550440931400e+00
-1.540636615583232283e+00 -1.973190520803919323e+00
-2.221198249370452071e+00 -2.311553557854193031e+00
-3.633605649507257507e+00 5.353661287845934424e+00
-8.547221294793058144e-01 -4.869793243247326764e+00
-4.225156041698606424e-02 -6.648831731238506570e+00
-6.412507100247459846e+00 -4.347071837283934315e+00
-1.929278972074880416e+00 1.175174394582107151e+00
4.555568271955820592e+00 6.611193723256092447e+00
-6.906302002534318696e+00 1.188223187518870461e+00
1.083991377726991334e-01 -4.941613494210817414e+00
7.013433407887901261e+00 8.080721420692593693e-01
6.105962607213822224e+00 5.644329305750796166e+00
-5.285161576506951953e+00 6.427043363934281217e+00
4.214192841087791574e-01 -6.270834227061324206e+00
2.017190288045035196e+00 -6.286736166723266628e+00
5.003600557582013053e-01 4.565879944504066756e+00
-2.141566390187966462e+00 4.353235942441525452e+00
1.243703297507814803e-01 -6.100683046486290451e+00
2.894074543310091396e+00 6.291625995340529798e+00
-2.489546446361378340e+00 -4.242788571666198827e+00
4.549904058438698051e+00 -3.788875827294362342e+00
-4.371305441161576155e+00 5.688750818718818714e+00
8.062846259749680833e-01 4.344015844876976118e+00
-3.509963285974202041e+00 5.225973672328123598e+00
4.948260450216736217e+00 -7.007880180107227908e+00
6.691147817594523595e+00 5.742773931224975037e+00
-6.661524360981859516e+00 1.889845091629145601e+00
-3.308354084397727490e+00 -1.750362806578159569e+00
-1.968913588076792731e+00 -2.584814822025584213e+00
6.262561120155674566e+00 -1.118809853183273750e+00
-4.554152210250408950e-01 -5.936278969431363350e+00
-4.303198212873074802e+00 -1.338887383344899637e-03
-3.623270061715747836e+00 -2.247136328056743348e+00
-5.730442845537483620e+00 -6.722133763998285438e+00
4.402607228560892594e+00 -6.355250987458999745e+00
-2.316411485548837579e+00 4.650407206797922299e+00
3.673499768708781144e+00 3.135940378059713929e+00
1.451929747808012428e+00 3.668890613085056263e+00
-7.515822180609346148e-01 -4.328904602945765845e+00
2.094929039194759479e+00 -5.763244434935136162e+00
-3.764763830245589471e+00 6.949020627539804096e+00
-4.258312952768058324e+00 -1.789965326999974460e+00
-6.619674369822115878e+00 5.513837900272501313e-01
-3.767511898412881699e+00 5.907420853752305412e+00
6.315425953696933270e+00 2.164081179122200882e-01
3.272971712227124463e+00 6.695765301450071760e+00
3.899744889854166008e+00 6.257580830642000436e+00
5.045426350254384573e+00 -4.823477970714388441e+00
-2.220120359734531590e+00 3.786752816984566561e+00
-3.953842484264546986e+00 6.131364462273337423e+00
-2.759422767538320276e+00 5.888562024267289807e+00
6.796486330660508335e-01 -1.567380611840541560e+00
7.269416964972214013e-02 -3.619662687677363433e+00
1.810790159648191511e-02 -5.591913374980423512e+00
-6.003984762159316979e+00 6.741149779241663254e+00
1.785431802247581690e+00 2.720653508035687285e+00
-1.161326093333280851e-01 -3.062794733775852318e+00
-2.393669907061506397e+00 -6.286080931625369850e+00
-5.417869837792064658e+00 6.462083722297288446e+00
-4.835913476405125699e+00 -3.971132762942394034e+00
4.848789517338895294e+00 -5.561358283727484420e+00
4.613752954737300627e+00 6.419888178973790716e+00
-3.431956744888007727e+00 -1.301036098454879442e+00
-2.078590715788765753e+00 -6.792084321659860535e+00
6.420633172105836728e+00 5.280777523702923304e+00
5.867164372896500169e+00 -5.235576739081841957e+00
4.541434489148110210e+00 -4.799107547981114941e+00
-6.365300946197335108e+00 -6.943768281884648452e+00
-1.862096557124629292e+00 3.238374474673730408e+00
-3.123105612636427164e+00 -1.219588823845272785e+00
6.119023496325397105e+00 -4.744921804438606117e+00
-4.449342598568517104e+00 -3.001053991513891184e+00
2.259648829349483634e+00 3.170926547980549515e+00
-3.320102762688201814e+00 5.207672154001463660e+00
-4.619964794275934317e+00 6.846150171219750113e+00
2.581573896885641428e+00 6.525070536077214989e+00
-4.278804967229033807e+00 -1.088500096884745139e+00
6.826275883537175737e+00 -1.019624605790526495e+00
-5.393022924264574414e+00 5.511159031927732599e+00
5.445030936464789750e-01 -6.681726259729706463e+00
4.096170167131513828e+00 6.443980321904717812e+00
4.053740673427170815e-01 -2.103391152778120610e+00
-3.775753198210699324e+00 6.373499878116938966e+00
