1.428209912110297886e+01 -7.181251480410142385e+00
1.391789388296170316e+01 4.439170667316695962e+00
5.321951650915991650e+00 -1.615256667538380819e+00
9.236889780417696372e-01 8.606590017794477632e+00
-1.218815529338787762e+01 5.799020165994221543e+00
-9.172072902495239433e+00 -1.498475426866801286e+01
2.221711452912718876e+00 4.843410551345715298e+00
-1.203782518675638080e+01 -1.059441540647163471e+01
3.674069952653477689e+00 -1.166311745821261781e+01
8.969197452858720609e+00 7.386939381357900736e+00
-8.847528105176687419e+00 -4.275750106410522555e+00
1.981040507129539385e+00 3.244300455080932455e+00
-2.460225614474575551e+00 5.035164809164800914e+00
-3.465085782520131108e+00 2.656007871166061740e+00
-8.856694353011697274e+00 -1.410981961744777635e+00
1.529696545566654109e+01 5.305943447285570436e+00
-1.386108001103988308e+01 -1.503935028457310885e+01
-1.450292707603520093e+01 -8.411700336838928038e+00
-7.138370496389484288e+00 -7.223503658441080333e+00
5.682876011881791811e+00 -1.424073379432143760e+01
-7.158906830651476483e+00 -1.241120915839299954e+00
1.166389751695488819e+01 -4.193516005153390402e+00
-1.975945143886640887e+00 6.183507810944875338e+00
-4.778046040682967899e+00 1.261838123323164496e+01
-9.585715582516133537e+00 -3.449148349347891163e+00
1.302401853658021191e-01 9.846084578868198989e+00
3.572675220301431587e+00 -1.274278643914571418e+01
-1.326499001618152462e+01 1.345354791570069075e+01
2.113710449308637163e+00 -7.670624539183587665e+00
8.879769920371017866e-01 1.332560512576247547e+01
-1.526248844989974707e+01 -7.020530575994833988e+00
-3.963874734567514047e+00 1.577617923949203593e+01
4.921405440110857121e+00 2.368051886316448140e+00
-1.440284631533561566e+00 8.288587019500372577e+00
9.175587179997172216e-01 1.560873724734240042e+01
5.123762909695530610e+00 1.504236698630793079e+01
-3.564135843913324830e+00 -1.024299775185869343e+01
-6.657322325822506492e+00 7.692455715393344384e+00
-1.569685614986654798e+01 -7.933119254088646599e+00
-1.104734694644858983e+01 -3.316212345600884959e+00
-6.012904490262806156e+00 -1.970873672713110869e+00
3.973636009492517385e+00 1.546530520534127007e+01
-9.700177489165961120e+00 -9.213386820996250393e+00
-5.719230295045188761e+00 -3.938250331335356957e+00
6.848006017728417660e+00 -8.181116275669859661e+00
6.865035705056684812e+00 2.043473136065145468e+00
-1.442912908401258321e+01 -1.077884238720561783e+01
8.392763357361994636e+00 -9.725660752165607548e+00
9.119961805602311955e+00 5.536714451910360602e-01
-4.437091981163981735e+00 -9.502654590512477739e+00
-3.484103151904725415e+00 1.033897508292374035e+01
-1.191869332922484226e+01 -2.757951126182006441e+00
3.359155512220901141e+00 3.489290764192571448e+00
-2.946869280366593458e+00 7.911153246692582464e+00
-1.053638102900668283e+00 1.502023742763520886e+01
2.940944771300422200e-01 -4.480261949726843440e+00
4.558873004295964648e+00 -2.350074830999905551e+00
-9.836653459512143982e+00 1.267876329250113443e+01
-7.357371227372232481e-01 -9.390999619595727932e-01
-1.318418853951559200e+01 -1.902212844592528818e+00
1.015574002816798505e+01 8.769536979684348310e+00
2.659912787607464635e-01 2.662127242081229639e+00
4.723120560873858231e+00 -5.607214173844263350e+00
-1.167579457591817160e+01 -1.264949348444953081e+01
8.096532347468880175e+00 3.436469785129596666e+00
4.915082416712916569e+00 -4.005653061312495211e+00
1.555266723381033955e+01 3.061866736458543237e+00
-2.874588435777285511e+00 9.083401206995706190e+00
-1.009385009962955237e+01 -7.553525825782148928e+00
2.935842867178134252e+00 9.251028847871868521e+00
6.793130407333636267e-02 -1.022461884934794440e+01
1.057753584719499962e+01 -1.159830213200292448e+00
3.016590504470660239e+00 -5.576094679711527391e+00
1.405182741204094299e+01 7.146794467131329043e+00
9.182313874834907352e+00 9.168161369211022205e+00
-9.068354691780982080e+00 5.886001001614028283e+00
-6.795995591240632905e+00 -5.758476791177690401e+00
-1.051904937542144403e+01 -4.260858293092102400e+00
-2.535013326184754945e+00 -8.763512042030528804e+00
3.097183765186347415e+00 1.382024710083450536e+01
-1.285396085219999840e+01 4.544034017461973995e+00
-7.729752565466163183e+00 -1.291522476666138175e-01
-1.135465107930802731e+01 1.242094492526712024e+01
-1.156907847532266231e+01 2.721284215628701375e+00
-5.749262884949039254e+00 5.016568784535039072e+00
3.042132746430728396e+00 8.392126118426725956e-01
1.172484770364560802e+01 5.556167842283903369e+00
-4.954383418154780117e+00 -2.273657676457025101e+00
3.464048898835711543e-02 5.458222102785569518e+00
1.467338846623852788e+01 2.190262664913507074e+00
1.399964982205626285e+01 -5.956707333328060905e+00
-1.009184676046238671e+01 1.555352767291770277e+01
-5.539015191673263061e+00 1.447450946059927190e+00
-5.536795777635718174e+00 -1.489113663388775244e+01
-1.196248689615986649e+01 -9.139707995202774882e+00
-8.307439260383140400e-01 -1.142878666420964784e+01
-1.026516725756494708e+01 -2.468404421606880561e+00
1.169752007938142668e+01 1.252901135548439804e+01
-6.305163273000452762e+00 1.321683363449189308e+01
1.274184403696677492e+01 -1.998770360667591506e+00
