-4.641118609312299803e+00 5.340508994492990880e+00
-1.390961729298039629e+00 -9.498483402805577569e+00
-2.383007542339490858e-01 2.094262672674004122e+00
3.781026856044265028e+00 3.480660789996228854e-01
9.810839847307690320e+00 -8.005888452511063846e+00
-3.479725320407221378e+00 1.583719800977482883e+00
-1.656094541187329128e+00 2.200752001153394311e+00
9.345052371835123495e+00 2.260562332909714645e+00
-3.258064732567298893e+00 5.858520210510772763e+00
-4.061009550460150663e+00 7.595844729693729924e+00
-5.201947184605461239e+00 -1.067459654161216909e+00
4.768720188519557368e+00 2.995364015502766097e+00
2.438947311356736147e+00 -3.532595825007332824e+00
-5.386444672275692014e+00 4.091066896007883535e+00
-2.707656069034482527e-01 6.316004627995647880e+00
3.031168306319372174e+00 -9.742586304601507763e+00
8.359257380040300944e+00 4.180643534176754272e+00
-6.581726556821466900e+00 8.511432605686861663e+00
2.466375458839513257e+00 -8.094576547449261028e+00
9.775506914613333320e-01 -1.837647041997197972e+00
2.440553773325888631e+00 8.443145359737368238e+00
2.880203472921107899e+00 -7.143927132606155972e+00
-5.167519019834648120e+00 -2.206566106559979534e+00
-7.879435606053896812e+00 3.130750444695485690e+00
-6.541104652429676314e+00 3.943475519081571790e+00
-6.870870554793695462e-01 -2.728669110710124190e+00
4.705058626061552118e+00 1.468102767829936095e+00
6.414177016503713524e+00 -1.927272342142417882e-01
3.210708873077605219e+00 1.971053961780665276e+00
5.141624792965769686e+00 -7.836160057362871356e+00
-9.758687970251655130e+00 -3.765884804090429139e+00
-5.624764216316191501e+00 2.854159775291693069e-01
-7.963574957240139973e+00 1.905042239245906099e+00
1.614675132382959788e+00 -7.667931574677583129e+00
3.750741867546806052e+00 9.252446272901003965e+00
7.570448533547281755e+00 -2.201536841465800975e+00
3.460016767258014436e+00 5.197215854145820657e+00
4.359547597854886547e+00 -8.728377628404551558e+00
-3.296154467315110193e+00 9.880940023971680475e+00
1.314578819660845221e+00 1.700220070810124717e+00
-2.631329675358249354e+00 -5.085429764427439103e+00
5.679315301185321019e+00 1.450237724825563124e+00
-3.149913009967583832e+00 3.817542225675105705e+00
-8.394251577850818435e+00 -7.980945315757337344e-02
-6.273278268197153729e+00 9.839059065265866266e+00
-2.273249098293780857e-02 9.605832750853140478e-01
1.191802702554307647e+00 8.211976971114919976e+00
9.217745642424329588e+00 8.627064058438861593e+00
-2.408757353978432381e+00 -9.261661427025888571e+00
3.593592892144354067e+00 -1.526361076176120823e+00
-7.284567168923348213e+00 -3.747500635083861331e-02
-9.743935816284970741e+00 5.108022859634491653e+00
6.409251975895414510e+00 5.947062881680553303e+00
-1.103814172527785020e+00 8.022012547919080916e+00
8.628810395570662095e+00 1.026089602949354918e+00
5.158074369461810527e+00 -9.461545213767918128e+00
8.961041844460144290e+00 -8.536000051654639709e-01
-9.538239232101503262e+00 -8.422884105881709438e-01
-9.277725112363725657e+00 6.763396556782932834e+00
7.358400434680178570e+00 -1.217140953415629667e+00
-5.092366398970344932e+00 6.503448421230650034e+00
7.890378464001787329e+00 1.775051943019631873e+00
-5.469116194820593968e+00 1.750371838831997096e+00
-8.389314474088600093e+00 -7.073200075251579122e+00
1.288510921999492798e+00 4.849294923929278189e-01
-1.383691100175124422e+00 6.141923159436552204e+00
8.244279950070473317e-01 -7.582671322719225504e-01
-2.872378517290110622e+00 -1.657450703624625765e+00
-4.897352688224833273e+00 -5.501090128944304602e+00
-2.448417508006882404e+00 -2.727518583640076155e-01
5.268556336015016051e+00 6.233579509743480962e+00
9.398527262433391982e+00 5.802358241163334540e+00
-8.817215238299883850e+00 -9.838118691000675042e+00
4.362328654889865653e+00 -4.519670654457645376e-01
4.070516620058041823e+00 -4.419804180240549663e+00
-2.270569975566724130e-01 9.669316160277409367e+00
1.016965429506434315e+00 -3.751874338086808258e+00
5.626329934723731441e+00 4.860292891225612699e+00
-9.161213347393887263e-02 8.083940246805033425e+00
-9.178239380832378114e-01 -3.859119456724217301e+00
-2.176893054753112011e+00 -8.136665505214798699e+00
-1.823412767802542689e+00 -1.536190007369249377e+00
7.465814198353318609e+00 -6.118134848270843307e+00
6.536959271521873838e+00 -3.564080506230283163e+00
-7.938085548359874899e+00 8.720429836553988068e+00
-2.725487865226496886e+00 8.543105064916204583e+00
-8.201851396850944553e+00 -1.066883308138737663e+00
1.599172182106148865e+00 6.834033160882382774e+00
-7.268080467702518810e+00 -2.140227332832886908e+00
-6.209742656485192747e+00 -5.542082680528731764e+00
4.304785692074029946e+00 7.549181485884376208e+00
2.740554601797221768e+00 -5.305982634872537851e+00
4.086958606497703705e+00 -7.128909680025137696e+00
-9.513766342047793145e+00 3.429725961258208056e+00
-2.279709285770209704e+00 9.217541259821540045e-01
-4.198909091376411773e+00 6.359872912239271869e+00
-8.800668680680924894e+00 -8.809795560187929198e+00
3.202864142601611341e+00 7.403181440463718843e+00
-5.461684169164547242e+00 -8.637056685380628096e+00
-4.667790959174195287e+00 -7.202809857477907585e+00
