8.321576749823317298e-01 -4.029599137507532625e+00
-4.230051151560298983e+00 2.596274397828122193e+00
-1.183954414670780775e+00 -1.322145718138082460e+00
-1.545746512445941523e+00 -1.767700756411614560e-01
-3.383811839556180701e+00 -4.844288015704729666e+00
-7.498593231454437458e+00 -7.281203856981411704e+00
-5.873191070633581923e+00 -5.321084418495603430e+00
2.676563726378459407e+00 1.443798831195403309e+00
4.349295750244624337e+00 5.555332224778231520e+00
-6.485573261461497374e+00 -7.737685480461594878e+00
-2.164210903476844194e+00 6.238037998519249783e+00
7.667575700357796009e+00 -1.307172715223176906e+00
-9.461055015058935647e-01 6.566953911808798283e-01
-4.897894352603294754e-01 -6.525125474744027265e+00
5.271246670222335062e+00 6.640099941989070498e-01
-7.668904718740858328e+00 6.281869297699152810e+00
-1.968940513198860431e+00 7.769727677380720010e+00
7.613359633731304754e-01 6.321787731244788766e+00
-5.118626133127054167e+00 2.034247615148306210e+00
-7.516799440106989749e+00 1.371499423440981080e-01
6.335039717139556714e+00 -6.157991807530278194e+00
-3.440106030649928037e+00 5.571377289403656619e+00
4.417977289039521693e+00 3.263841671942726563e+00
-3.142142694976516992e+00 4.451539651827352451e+00
5.118532685224503886e+00 -5.651425536456776477e+00
-5.976958265842350571e+00 -4.288410590982511650e+00
1.798446832617409008e+00 4.544207042124648765e+00
2.523369392395309330e+00 -5.864954469698582251e+00
3.476559156793162519e-01 -1.355140060481454967e+00
1.926611777352608357e+00 -2.059206276326955187e+00
-4.522701277842921641e+00 9.610910346088011869e-01
-6.865973960920725983e-01 -3.152852831957999147e+00
-2.824645001316673731e+00 -5.895875473283866519e+00
-5.830460860474600437e+00 -1.420173082594113012e+00
-1.669305155731028167e-01 -4.449933298137689341e+00
-7.768921715838963404e-01 1.944852514766864271e+00
-4.248378097662044994e-01 6.333808317199366655e+00
3.456690531684593615e-01 4.974139353356843429e+00
5.846936062901582964e+00 4.039824602325735370e+00
-1.973716717138122911e+00 -2.569469795924442579e+00
2.766800799393697829e+00 -7.237670797039681858e+00
1.203878087577569866e+00 -2.796821821360405469e+00
7.296545187391859422e+00 -4.978423198374778202e+00
3.135047823459492733e+00 4.877381483483501867e+00
2.913081863518274250e+00 3.188044228498565502e+00
6.879460389124380626e+00 4.744893536974621462e+00
-1.504591591378533932e+00 -5.810617687015544597e+00
2.852111971615375330e-01 2.633886664579798698e+00
-2.968260704043323095e+00 7.366673568392425153e+00
-2.358414428277410213e+00 -6.890552685282331780e+00
2.012404056583846579e+00 7.772253651247208239e+00
-4.975754810274791495e+00 6.170001621102919387e+00
6.101755536843146643e+00 -3.340926587370263157e+00
-5.338654685274462075e+00 3.965236533755097881e+00
-5.130296322913539875e+00 5.041918123744355107e+00
-6.805662780742331108e+00 -1.206532916322069271e+00
7.148661555063381634e+00 6.062203042110841267e+00
-1.293802681658180465e+00 -4.440376121565214440e+00
-6.109620186290369404e+00 -6.360102397985670564e+00
2.926074358889706239e+00 6.376768188828311423e+00
6.584164119917002900e+00 1.759197787261074453e+00
-5.511030894376601097e+00 -7.520641280011441943e+00
3.314917004581591442e+00 -3.135596300758955124e+00
1.965758413509717917e+00 -5.078274614983291357e-02
-4.669981342599914598e+00 -6.241084264266449466e+00
6.022097927478754720e+00 3.005176359176598755e+00
-5.882013314638656176e+00 6.465322768870920278e-01
3.459600287797676366e+00 -5.490144910398356615e+00
9.045811601835799243e-01 1.414733871336271598e+00
-4.285957964804994802e+00 3.846394872178106716e+00
4.092210605944452517e+00 -4.729947481728038028e+00
4.531121374564825111e+00 6.712488500477048703e+00
1.796381153677508280e+00 -4.638744744363004990e+00
5.602778872437589541e+00 -1.485863855772041164e+00
-3.228124704618126728e+00 -3.285986535493014227e+00
6.260383223769080629e+00 7.136315984503764476e+00
-6.413340663378794382e+00 4.861634168063576844e+00
7.172505848050922950e+00 7.805732352544821673e+00
1.151267824520733285e+00 2.895756144535570176e+00
3.425129866039421156e+00 2.949497406026166391e-01
-7.238614516126006038e+00 -6.162768805322070165e+00
4.819044256753101330e+00 -7.881931779046358777e+00
4.226593913620083853e+00 -6.140338600206294295e+00
4.487497833844963147e+00 -2.442138766116674908e+00
-5.600697350050154455e+00 2.886309135805777526e+00
-3.421317556100744284e+00 -7.189406407948977673e+00
5.191082005350728501e+00 -4.448338685331220788e+00
-5.828707825976550128e-01 3.343099501668742590e+00
-2.476993638411106424e+00 -1.412624549425907317e+00
4.490037891979413942e+00 -3.465884179570029477e+00
-4.631258804701747778e+00 -2.557120206596433132e+00
-2.508426445486868328e+00 -4.051342587468653278e+00
2.942919548927181772e+00 -1.127546849860055378e+00
-4.079922570833566908e+00 -4.656521370827788886e-02
-1.706726518201759468e+00 4.188145733526872583e+00
-1.546428474319317958e+00 2.743790637630607598e+00
-7.117128250185126070e+00 -5.164985086187418695e+00
6.358567988487673794e+00 -5.788859562896636612e-01
1.923930150243893689e+00 6.091452066411171096e+00
-6.224957107429503367e+00 5.853086238972385225e+00
