3.506394356886778141e+00 -6.782429118065934404e+00
-1.492228874189968912e-01 7.065999004301428243e+00
1.866195725403248518e-01 -1.267687413271775032e+00
-1.892068483425062952e+00 5.730383080033329968e+00
-2.865067691374167058e+00 1.343588739882292105e+00
-2.499168669370259721e+00 -2.200357031294765342e+00
-1.720137413653888725e+00 -6.068431826645530158e+00
-1.422918489916206175e-01 -1.754718112932994956e+00
3.385799535187051790e-01 -2.464422189619007053e+00
6.346592925472988256e+00 -4.300013477269512663e+00
-2.416113322637185146e+00 4.679378846158055438e+00
-9.101545912155164508e-01 -6.705361895359826185e+00
1.745318859596585170e+00 1.973666249333571043e+00
-9.870564322102964860e-02 -3.036237868063763834e+00
-1.030789976419441700e+00 -1.591108577018921277e+00
1.962496448932577575e+00 2.378738505460919583e+00
3.615649522194900101e+00 -3.091198803506230774e+00
-3.324430496507202459e+00 2.658691936729164151e+00
-1.066647033968062708e+00 6.373927530660387752e+00
-4.635828007549565588e-01 -6.158118280624169216e+00
-1.882740372059028777e+00 -3.718851720854558174e+00
3.933434576901936097e+00 -4.715330652569882375e+00
-4.090993919696622960e+00 -1.640266183578912962e+00
-3.940512297883401960e+00 3.991163361323740499e+00
-6.315691359242469716e+00 4.679650342645263805e+00
-3.917539334736972467e+00 4.648158962078163370e+00
-3.902512376860889920e-01 -9.925200855006167666e-01
4.582345783751423873e+00 -5.962902531394750127e+00
-3.408876965970129458e+00 4.304179795001871867e+00
-5.214653101701419713e-01 -1.051266910049401676e-01
-5.889977935740795090e+00 -2.194558212290291521e-02
9.733406702689240131e-03 -6.577311326146267234e+00
2.355481282474995552e+00 -2.567870833243581785e+00
3.517834759420869428e+00 7.070542760079483458e+00
1.746620819635342103e+00 1.013512608045575192e+00
3.048011463688426126e+00 -3.806462716137929192e+00
-2.210766150910715044e+00 5.235143309422602975e+00
4.603355477611469126e+00 -4.491384032514368130e+00
-5.766842358170761074e+00 2.581066068485090570e-01
8.060481649556403561e-01 6.674253697235628557e+00
2.078244468283707569e+00 -7.063538743897251670e+00
-3.768628776366572897e+00 5.345024450256921966e+00
-3.700306534477145526e+00 -5.883045901033771230e+00
3.350714284573284907e+00 5.116268876308757818e+00
2.097067787023393581e+00 1.040159218017163489e+00
-3.489197745669027739e+00 -5.559408238150177262e+00
-4.556314744548600970e+00 -1.145314181922280294e+00
3.189393220104325799e+00 -1.963477945690455195e+00
3.462004249128890709e+00 -2.144044708056880744e+00
3.182067640124870866e+00 6.653384786435838194e+00
2.283879915461449084e+00 9.688765289041623152e-01
5.801983368278738062e+00 -3.975889712576724300e+00
6.670349153955909216e+00 5.011775947530552777e+00
-5.440259593138670802e+00 1.282462309464333372e-01
-6.502058704583114412e+00 -3.508950981811811864e+00
5.088545178608549158e+00 6.733916069495765377e+00
-5.722879417815847525e+00 1.826220397016105057e-01
-4.689387521637994327e-01 -2.031196436239021796e+00
-6.581596969756209337e-01 1.796869957825187436e+00
-2.734142344014668602e+00 -9.812595003718969089e-01
5.416396194674641507e+00 -3.784931368494351744e+00
-5.311666214963628008e+00 -2.902250529404777790e+00
-7.060373078544516012e+00 -2.113641891519669080e+00
-7.067809115979350132e+00 4.485437508892375469e+00
-3.713784030251280122e+00 4.020020045803553543e+00
-6.116119553717719315e-01 6.841016835484820646e+00
-6.710696190930331539e+00 4.948192685518844058e+00
-1.207901175115847936e+00 5.232363371159276078e+00
-3.183153938325856025e+00 -3.544472568677274893e-01
-2.861496167055648687e+00 -3.165678207995009430e+00
3.755864485054438262e+00 5.781848707244627406e+00
6.486268454704706699e+00 -5.125665331184025675e+00
3.138445088840543296e+00 1.615266713604118498e-01
-9.520068878833413129e-01 6.627762541103140670e+00
2.982623635109292959e+00 -6.845590645561084209e+00
4.246509459199169889e+00 -2.786043833382388257e+00
-5.173005036252014577e+00 -5.386021841018527878e-01
-5.593116158408174776e+00 1.078096609934082878e-01
-5.428470445334866668e+00 1.021158608765455611e+00
-3.075610592694023815e+00 -3.421534306112783419e+00
-3.431980931217017528e+00 2.844130140956665720e+00
-1.032104125160540065e+00 2.041332867605055945e+00
2.578533547423868200e+00 -2.818966545045163308e+00
1.862683859707319867e+00 -1.247515810356764954e+00
-3.773999398787171167e+00 -3.502318739481467436e+00
1.366285170739770072e+00 -3.374723255610133865e+00
9.048104754580637010e-01 -1.171999068275405786e+00
1.829679288024603556e+00 1.294025312536627226e+00
-2.373634222198071519e+00 3.674322211975032726e+00
-6.617892312340010186e+00 2.172663602871137689e-01
-4.428996949608310918e-01 1.160133266478442282e+00
9.854691640761824578e-01 -1.314494261862110491e+00
-5.184461220038354412e+00 2.260007511251975298e+00
-3.125816453674185702e+00 2.516340198017918972e+00
6.659328519906366317e+00 4.481013934745148752e+00
2.724511765456180790e+00 -6.273963904611528086e+00
1.582340712602785304e+00 -5.847731985307420999e+00
4.803111544339654593e+00 -6.640737469405994631e+00
-6.392778775467738761e+00 -2.864182996517751434e+00
1.788797876663748454e+00 6.433275492812574825e+00
