7.068803720103262300e+00 6.197488902774888508e+00
-5.922990898010231930e+00 -9.220630298489075338e-01
-7.038416489966162537e+00 3.218224202510259424e+00
2.164612999918472891e+00 3.308269516979880365e+00
-1.760896182164852330e+00 3.276467836423707425e+00
-1.817670983028705001e+00 -7.348673945095169913e+00
-6.490946486406675930e+00 9.050112730844415143e-01
6.165002662961738267e+00 7.496423882931638083e+00
6.306580530570069065e+00 -7.595542804650412538e-02
2.825625631371067037e+00 -5.067544055552994919e+00
7.556021707735969706e+00 3.476480635379334938e+00
-3.881971275760855544e+00 4.921263969765493407e+00
-3.702750872704490548e-01 7.571935881706571614e+00
-8.346999425427223951e-01 6.632367506112750277e+00
4.696258301561913040e-01 -9.229104858826636670e-01
-4.411556996075207127e-01 2.957083316119382133e+00
-7.523660435388383583e+00 7.829735013092864016e+00
-4.449344074853493147e+00 -2.871062093157373152e+00
5.661854452453796149e+00 3.676096925512144065e+00
-1.484439499726019907e-01 5.746154894956692516e+00
5.431090982891556784e+00 -5.171634589590794029e+00
-7.298293490903657421e+00 -5.679281447897068347e+00
6.077883141617049567e+00 9.143968624710363535e-01
1.901087838344450720e+00 -1.969487832408575723e-01
-4.682924837221094094e+00 5.830117385664072671e+00
-9.828893103119625829e-01 -1.774913528661420825e+00
-3.975074401146667658e+00 -4.519077586968658800e+00
-6.744267118753094259e+00 3.653171273893936200e-02
-2.016361470157640667e+00 4.873255889272742891e+00
6.175472863065940565e+00 -7.238358161672674207e+00
-4.300942974542317110e+00 -7.820076740562167394e+00
5.008001899268119672e+00 2.506583459900301847e+00
-5.252027332929511516e+00 -4.229771145558054002e+00
-3.466673992068175725e+00 4.784218208044682674e-01
6.868561419099142862e-01 6.124199559802067760e+00
-1.631959762655298185e+00 1.034454380014060870e+00
-6.728567634278575404e+00 -6.978357198842875420e+00
1.116587507554166248e+00 3.057289020340697938e+00
-7.699218765558359934e+00 -3.325783622034243159e+00
4.494268816481440609e+00 4.645646141055523870e+00
-9.061195116630915702e-01 4.562328369075133061e+00
-3.702125529596762554e+00 1.437701999889312132e+00
-7.652390525317846581e+00 -1.695815989495136344e+00
4.792407865041357518e+00 -8.027002570268819692e-01
4.864470168035158970e+00 1.312971787495477161e+00
-6.051432357252998884e+00 -5.220696398792854964e+00
-1.585574193711257074e+00 7.445977512875317395e+00
5.342438773280267839e+00 -2.084336426035898526e+00
-4.980322003810890852e-01 -3.738718194403271688e+00
-4.495226223513301811e+00 -6.487417790427182140e+00
3.680116948151852974e+00 -5.961303811122630414e+00
6.108954571279827661e+00 4.663337752945200698e+00
-7.880597846404914897e+00 -7.033470375879847580e+00
5.849565113612102962e+00 -6.259800998000770278e+00
2.009724646050349506e+00 -6.051241828349279928e+00
-2.401655377802692559e+00 -3.243284419435427779e+00
3.751425616458757606e+00 -7.127579893937687316e+00
1.481958604802534385e+00 1.665240280921386429e+00
1.978526887105328980e+00 -3.766168947083617713e+00
7.696299611621260084e+00 7.056606158245550819e-01
3.575600058794456970e+00 1.203218537678085065e+00
-6.105557113511491663e-01 -6.735839488520952933e+00
1.985413959534021444e+00 5.820223763549061680e+00
7.574401019517789990e+00 -7.226442782781321572e-01
4.180902132205718047e+00 -4.372043672455403929e+00
3.856132659014266384e+00 3.048501710492271588e+00
5.412021913171813026e+00 -3.057303598112445897e+00
-5.195386333211056140e+00 7.027670959608601997e+00
4.820136505310511410e+00 -7.871834953908316557e+00
-5.334705290051588555e+00 4.901801911113464527e+00
-4.950754701918000933e+00 1.840559427204641718e+00
-6.350289118635744856e+00 -4.125090112542875609e+00
-4.486775558865158331e+00 3.218320310780432791e+00
3.981345521928910891e+00 -2.543930739711162570e+00
6.678172133449926662e+00 -2.032744083601640384e+00
4.717671365240015291e+00 -5.905096773509309394e+00
-1.291510007335929355e+00 5.636691675526648737e+00
-8.547153174815202981e-02 3.897974348662809341e+00
3.696692596494995264e+00 7.356993726402778044e+00
2.953172942815027735e+00 2.116697722444419671e+00
-5.355107624082600992e+00 -7.405475750509272537e+00
-2.176691148707327605e-01 8.834163158914960512e-01
-6.714311278083848755e-01 -8.262293147119894599e-01
-7.610699700972346271e+00 4.241642689561003543e+00
1.323111896706002932e+00 -7.020233323706513318e+00
-4.714652887611231691e+00 -1.835086355000867364e+00
-6.192880572412275519e+00 4.217514998949035032e+00
8.891957302609774239e-01 -4.290051634831049121e+00
6.965808779754007141e+00 -5.600685284604703718e+00
3.503759133883607380e+00 -3.405753324603085552e+00
-7.504165794177325211e+00 5.358138957837145888e+00
6.026378100822879169e+00 6.227787874069933949e+00
-2.198613846815389294e+00 -2.109901635454500823e+00
-4.508402653655907422e+00 3.317718893449529971e-01
7.875830350822702108e+00 2.384963754489052956e+00
1.232318006316147851e+00 -1.660296188916907889e+00
1.114663394217964898e+00 -5.542852124993443041e+00
1.949150173133535890e+00 -2.481727700015652349e+00
-2.306034764670193749e+00 -5.229353716941369967e+00
-5.502130268581103323e+00 8.868958936201305487e-01
