3.991549776925357396e+00 5.776537312970178917e+00
-4.989211336977230182e+00 3.244629995949513290e+00
1.886698617550512491e+00 5.751462302207867694e+00
-4.500940468540817641e+00 -2.492782808850607879e+00
-3.242921197721413407e+00 -4.189894223375687510e+00
3.651104965035810057e+00 7.029518247485676774e+00
3.383606452244876106e+00 -3.091320196299346623e+00
5.167940189578526855e+00 2.205596955394693914e+00
5.348197694820940207e+00 -4.011414195221825629e+00
3.054463334428776378e+00 -2.189706411308137035e+00
2.560619870417032651e+00 -3.032649898556341039e+00
-3.224618927458975381e+00 -4.572575582093904245e+00
-6.790319891542965003e+00 7.878711877829911447e-01
2.968444757653141863e+00 -2.036766914761223290e+00
-4.778133722128169225e+00 3.930591350710073595e+00
-3.150982319668718112e+00 -3.043037346411620270e+00
5.456361858759993799e-01 1.058236761271799553e+00
4.132375862627422514e+00 5.146641731022602251e+00
-6.230045175774984401e+00 5.821409866938203059e+00
4.755261056431965727e+00 2.412622923646856155e+00
1.316808545403915787e+00 -3.759787152812548605e+00
3.049119826196263983e+00 6.668067113447667005e+00
5.164505137079267172e+00 6.077036113356931502e+00
5.868846657281514556e-01 -2.999690967379666340e+00
-3.922104875440549865e+00 6.286682275915937979e+00
-4.964049347477604845e-01 5.534176395156293893e+00
4.845679402862873353e+00 -8.237252709386689853e-01
2.351759165770210824e+00 -1.485746400052883498e+00
4.534251635395159852e+00 -4.958574644437374168e+00
-5.438662843751579601e+00 3.668902922215249607e+00
4.968664094701641609e+00 -8.856112143370213907e-01
8.123342269196279219e-02 3.938752179920242291e+00
-7.002893858239697344e+00 5.460158200003138340e+00
3.535432897311620692e+00 -2.374859325747977756e+00
-4.193818738501047250e-01 4.736683025788392953e-01
-6.062227199269529798e+00 6.594590037136613070e+00
5.045890898383258438e+00 -3.717400638869307050e-01
4.414003468013752318e+00 1.812123829337383363e+00
-6.135817495334901395e+00 -1.854338051389872843e+00
1.514225207693053132e+00 1.936252548977805299e+00
2.539901593146442593e+00 2.695231327339416172e+00
3.251201303105985652e+00 -6.929297689346486600e+00
-3.131131856863421437e+00 -3.692986933746993827e+00
3.219299532656861640e+00 -3.067142099888060081e+00
6.777316594486771706e+00 5.573163704781389782e+00
2.762268613665264994e+00 1.751656576527586884e+00
-1.544657689940157841e+00 -5.917874940908383508e+00
1.970032646237377394e+00 -1.937159008151449369e+00
5.594930763082026082e-02 6.174300497991222159e+00
-6.644155822035780368e+00 -1.879476949677083342e+00
4.880542002350640729e+00 -9.904314626626993245e-01
2.329184194482326831e+00 6.200474711884560008e+00
3.555843171801921887e+00 -1.378059717664305905e+00
-1.069545394747050349e+00 1.779765670463090199e+00
-5.741537503583052704e+00 6.235274554244247369e+00
-6.581589568779332211e+00 -3.016916169082849652e+00
3.974757828979416985e+00 -6.101500567500186989e+00
-5.867720936804816212e+00 -2.937789098731012238e+00
4.061589660554167480e+00 -3.457302817887404789e+00
-4.106881910556424486e+00 -3.758207308547707459e+00
3.208621374412139460e+00 -2.041807191538885569e+00
-3.311502095630891596e+00 6.809759942674152633e+00
-6.333141672995875382e+00 -2.508438272710458605e+00
1.799220166049487979e+00 6.350684504268514274e+00
2.029761106482982913e-01 1.943529263109872840e+00
-2.052770481709350059e-01 4.858417109391456878e-01
-1.931808012357532522e+00 -3.560713148160607577e+00
-3.984245898672044817e+00 -2.069416890253688024e+00
2.725041638371959341e+00 3.239444344799734310e+00
1.058647402929692838e+00 3.772125826939673132e+00
1.580135193597912435e+00 -1.568608858036946829e+00
5.916375310318473524e+00 -3.712429236783994391e+00
-8.021406100658515781e-01 6.660733772850266354e-02
-3.642127538776964712e+00 -4.571518451668193705e+00
-3.828382337898650789e+00 -6.474871412679326532e+00
1.100025487385931422e+00 5.590944721201151602e+00
-6.698552104277024632e-01 5.047373615925554446e-02
5.290446721682600106e+00 -4.486464659862475501e-02
-4.181967918781710480e+00 -3.890943821926008628e+00
-6.365382555401929210e+00 6.939281124700269032e+00
-3.940214147959628210e+00 -3.308150054500191395e+00
5.050443995512654993e+00 2.638913478591481176e+00
5.859814312169507211e+00 -1.523279511181178991e+00
-5.786522375376885741e-01 3.209801154672364376e+00
3.288897388675478539e-01 5.007263416032262660e-01
4.842191243632057329e+00 -3.023281860706690249e+00
6.117135048989516655e+00 -3.389176358263165323e+00
2.134294996891315854e+00 -3.578127012744566571e+00
3.197751222597270626e+00 -2.499816433238862601e+00
-9.720354319448464009e-02 3.440490185252495614e+00
4.197558774309299245e+00 -4.499918773427264540e+00
-6.968583545056445061e+00 7.579838314680814593e-01
-7.042788186482585866e-01 5.883633220586120594e+00
2.335888365744509976e+00 3.917824773362088564e+00
-7.418608509599289302e-01 -6.370033041227538106e+00
-1.018900626250037744e+00 1.735709622059894652e+00
4.141439243484530408e+00 -3.327266876939662943e+00
2.174085647786743181e+00 1.806848173479164599e+00
-4.580500967864507444e+00 4.108911950912993660e+00
3.336764411616829129e+00 -3.637596705904717620e+00
