6.062301947630245103e+00 2.943532371090432420e+00
-4.858976199321034528e+00 8.323478304653855631e+00
-7.012995739663979933e+00 -9.592414438163061163e+00
-9.018831089890582575e+00 9.332071818200844415e-01
-4.388361344533779906e+00 -5.092032020015124338e+00
7.167795279359578053e+00 -8.175532917734480876e+00
7.294438676739703808e+00 -6.854372978103231873e+00
-6.562183035450934732e+00 7.023860966536299877e+00
-4.742708064290042991e+00 3.340695556258421295e+00
9.845333400670363000e-01 5.620286163390659340e+00
2.705017013528501657e+00 -1.431217169246999266e+00
-1.006583411770320513e+00 -8.196783591919848178e+00
-1.918795337037911608e+00 -2.822832500885978924e+00
7.875376505931297011e+00 3.464125991409138017e+00
3.659665866227928444e+00 -3.043033563288571219e+00
-1.054149284064896053e+00 -1.557790950328580060e+00
8.713782800388582217e+00 -1.098481476922265010e+01
-4.463093084976193503e-01 -2.878767710977152561e+00
-7.588069148646514606e+00 3.850321760575438290e+00
3.826187948044233789e+00 7.759465010869160961e-01
-2.065095713524576215e+00 -8.451914030029708869e+00
-1.925158361177179422e+00 5.900514596182330429e+00
6.263060745512670779e-01 8.348212792838523910e+00
-6.867612152780262491e+00 9.995359357231450304e+00
8.792586327250450751e+00 3.576360870723055974e-01
-3.556082098178600770e+00 5.021978548907001239e-01
1.658831474315882293e+00 -7.368779511306136953e+00
3.329489760890202099e+00 -9.213295047110884539e+00
4.883737420402280094e+00 4.408321513220939458e+00
6.021073217225568541e+00 -1.064883707053035344e+01
-3.450790451122920821e+00 -9.277862179394226416e+00
5.441143474314351636e+00 -4.515585724412906288e+00
7.514429221522231472e+00 -3.095060058475519682e+00
-7.447218731458751684e+00 2.576404386464500096e+00
5.217379708301910668e+00 6.780985369296945287e+00
-7.712976909791301239e+00 -8.394402071861991388e+00
1.309297880880108567e+00 3.253566305752241039e+00
-4.418218265648234500e+00 -9.391117795822656600e-01
5.510938128885146448e+00 -4.827134038109125447e-01
-8.521351454491709276e+00 2.692124971311662840e+00
3.466275054347119688e+00 6.593268888692861651e+00
1.917897186082823557e+00 4.753694582586007300e+00
6.375254281492804154e+00 -2.391558798277952924e+00
9.981949242291417335e+00 1.941753344274521398e+00
-4.802027021421051423e+00 -9.883112243319365220e+00
9.619070809409393519e+00 8.060625165824268024e+00
5.959657738523893578e+00 5.202883816539302764e+00
-3.771584962970779831e-01 7.976163746673918808e+00
-1.258831806702245926e+00 -5.227465813275308903e+00
9.345614313700231768e-02 6.407096668393445604e+00
-7.014812758034672413e+00 6.046379990650682101e-01
-8.271840365949573837e+00 8.192467860891003539e+00
-6.887763077113082666e+00 -1.530341090713739360e+00
1.004193748505710104e+01 -2.154590783586541214e+00
-9.559643495420196757e+00 9.357294424851744452e+00
-1.115234039313251024e+01 7.539424495487298650e+00
-3.410422114884768541e-01 -9.468843721603761310e+00
4.924463376842602713e+00 -1.084786690064241910e+01
-9.338363933497820790e-01 6.127066465841224385e+00
-6.792577973897716781e+00 1.759904748651631268e+00
-1.053087327030178599e+01 -1.117213004069425608e+01
1.583604782849579395e+00 -2.864921717467626028e+00
1.083469341671827380e+01 1.027806961461118007e+01
3.382961033845941490e+00 -5.939095668822447216e+00
8.255084002801439169e+00 1.002846020065959998e+01
2.743418997338916032e+00 8.882449097519854675e+00
2.568533670711684813e+00 -2.793859307555845106e+00
-9.775750793358012558e+00 -1.038579457493804803e+01
6.248305622515835545e+00 -5.103845226832075532e+00
-2.439614069299911592e-01 5.478606853792140186e+00
-1.059390896608659460e+01 -2.030992606926587563e+00
8.842132497184495676e+00 -4.281211200752700563e+00
3.449918121155569395e+00 2.073875536381760476e+00
-4.249474614639652259e+00 -6.609921953283082630e+00
-9.721728320415421010e+00 5.355110601895338718e+00
-1.104445990637004016e+01 2.976773173823022312e+00
9.747910220287998584e+00 -9.334021973130127492e+00
-2.875271775443682731e+00 3.822947649520702651e+00
-1.688392620407039413e+00 9.343216463710820818e+00
-9.309020400452526545e+00 1.058623661043503539e+01
2.161390589039070775e+00 1.852350342059775112e+00
3.183202080750927809e+00 5.313699313542279867e+00
3.134523950051988805e+00 7.558917931977649829e+00
4.442673093934783601e+00 -5.726298892290562215e+00
-7.175328460845986633e+00 -5.927363759583279545e+00
-8.222374088549088356e+00 -4.277966439300045387e+00
-9.284114815929450870e+00 -6.036904086891520471e+00
-1.069087125515143555e+01 9.530913100263445514e+00
8.559496654450600150e-01 1.035532461617878219e+01
-8.883578338070110547e-01 3.323594450902534803e+00
1.037910171261572501e+01 -1.015001657454349271e+01
3.872041517001840183e-01 -6.200425523284628149e+00
-8.668766198714958904e+00 -9.294114903814991280e+00
-3.973934702661514162e+00 -8.219997480655345967e+00
7.740874088815852261e+00 6.483856569759568700e+00
-6.050488027826261828e+00 -1.785840235465658010e-01
8.735356173014089620e+00 3.074023164289077847e+00
5.547704125044477408e+00 -1.760056228276107637e+00
5.082214870696318165e+00 -8.685050747307370145e+00
2.586284590690297147e+00 -8.094310273637121966e+00
