3.161425204045656301e+00 6.566172449423829605e+00
-4.248011922169691701e+00 -1.206969148525050883e+00
-4.543228321579158901e+00 6.531967447749136291e-01
-3.079886583632164054e+00 -6.762442381608589237e+00
-5.696757329116977964e+00 -3.764758669329724583e+00
-1.023905740012525545e+00 3.503217573728602652e+00
-5.361745098676109045e+00 -1.370411943068395644e+00
-4.498415801388824242e+00 -3.366484300720606448e+00
-2.168755749344192019e+00 -8.436393748475743415e-01
-2.673819981990822381e+00 6.426703412698688389e+00
-2.746775975644911494e+00 -5.870495288355773056e+00
-3.796091016323522860e-01 -6.806537700538314084e+00
1.830577293469377809e+00 5.390321454141401958e+00
5.238810337164334641e+00 -4.794772739701866016e+00
2.147216723503248215e+00 -2.007151020232230909e+00
-6.632594538997567568e+00 -3.145052863465260362e+00
-2.541556205920528555e+00 -1.607003429919495296e+00
-1.970463738094913708e+00 -5.901331545321563787e+00
-7.510190591093566237e-01 4.741461936120345833e+00
1.674108018967482847e+00 -1.779754970299556316e+00
-1.326148434958203781e+00 -4.828788498138257168e+00
-5.014000587179166857e+00 6.844820920791388374e+00
6.711030306355185715e+00 -5.541699561409433095e+00
4.401979740059376311e-01 -1.321815542614817485e+00
-2.076077302169271332e-01 4.123910032865739872e+00
-8.274918672897318972e-02 -6.222898481703803775e+00
4.979355782610769943e+00 -1.802838434861799843e+00
5.473099698572281291e+00 -5.031186886830139926e+00
1.077780226328970636e+00 -1.319329458776541841e+00
-1.941738564158798530e+00 -1.414491484834046187e-02
-2.959945711308207716e+00 -3.544820313718580973e+00
-5.811492692109360370e+00 3.486714662211770399e+00
-6.012351844775784215e+00 4.927520491883143450e+00
-6.087214071214719802e+00 3.904581727074459163e+00
-8.702374948814632916e-01 4.449754548809410792e+00
6.822797086807915079e+00 -6.545307498258434720e+00
-2.066691917734017725e+00 -4.374171814952139137e+00
-5.895642023908859386e+00 3.345383331735130472e+00
-5.190331139322537091e+00 -6.576497402845672191e+00
5.631709437588038547e+00 3.322163860966267368e+00
-2.500197370080747383e+00 3.039906464047723578e-01
1.592872585723611234e+00 5.689474237433856274e+00
6.679356850754212260e+00 -6.343089975182470752e+00
4.665384075819339671e+00 4.195161065640716558e+00
-4.136453965371224228e+00 7.721719921988532409e-01
-4.056504402989162372e+00 6.957020075533947079e+00
3.105488881815112290e+00 5.299961867930417903e+00
6.494299115843102044e+00 3.922148498456808685e+00
-4.973641194226060769e+00 2.970981905421867797e+00
-1.730219996479478439e+00 6.566747382154788149e+00
-1.567222689683027692e+00 1.995587912494098282e+00
-6.637707050542501763e-01 1.749026109227521442e+00
-2.378131267750527744e+00 1.481945960374661531e-01
3.213009781780950203e+00 5.993362364602789150e+00
-3.052576939642968945e+00 -5.310892743366765423e+00
-6.547122925900863422e+00 8.112998991097050139e-01
-4.029222615829488596e+00 -3.533359871716212908e-03
2.364795320452243388e+00 6.804633416762894349e+00
-6.668552880653159320e+00 1.060909833561306526e+00
3.825751087454755672e-01 6.765867906509752672e+00
-7.691826251279081372e-01 7.147044263172981360e-01
-1.192243138972334693e+00 -3.373727808834730446e+00
8.343385706027190984e-01 -1.059877899636652465e+00
-8.163618592427768217e-02 1.856264360988980400e+00
-1.142894749947273247e+00 6.597324031059073057e+00
-3.060764914141928639e+00 -1.536109268952901896e+00
-4.696082567204117098e+00 2.874694104748861001e+00
-1.871917121576715637e+00 -3.822089794687500763e+00
6.005220374007371298e+00 -6.648225742022311202e+00
-5.452246959846803742e-01 4.930127391641165313e-01
-1.330055524659513821e+00 -7.766499754154579938e-01
-4.795440142825661667e+00 -5.508910159433891174e+00
1.913247991930455028e+00 6.366700750488332172e-01
3.880924131137686750e+00 -2.313434762594671401e+00
-5.926019421795272635e+00 4.211759908423581500e+00
-1.894600400995705369e+00 1.410426963071885531e+00
1.557604142564874117e+00 -4.767143476328104867e+00
7.027375570827903317e+00 6.120192617719822259e+00
-1.066067739072815268e+00 -4.308692479635854333e+00
3.215452526422945212e+00 1.447406540355308691e+00
6.250589699550980427e+00 3.282686107877562876e+00
2.450035395506457991e+00 4.749594527641938790e-01
-6.625375989594973092e+00 5.769994665985113791e+00
2.072826361423780739e+00 7.092109065244611710e-01
4.338458092985019166e-01 -2.566993903242399178e+00
-5.219785346318149166e+00 4.596340333338063466e+00
-1.022776235375713494e+00 -3.118091240828539945e+00
-3.895104671716528077e+00 -3.251656750508563842e+00
-5.196710851040850621e+00 -1.581846391285299580e+00
-1.119191148028804150e+00 -1.204080397443020978e+00
2.313862475767119342e+00 5.817963172633322522e+00
6.380157142135447490e-01 -1.232587867465667619e-01
-6.738380131831798181e+00 -2.850594040602627999e+00
1.710190367590214144e+00 -3.150758743141833573e+00
6.171765574758254047e+00 -1.452931053443938358e+00
6.120214943405665409e+00 3.838927053887965180e+00
-3.802028448635760061e+00 6.524141914591666591e+00
-5.176435641844312485e+00 -6.528993656587879002e+00
5.573047841754392273e+00 -1.396928324575263947e+00
-3.256420102853742615e-01 5.935391904212203862e+00
