-6.633200371076585000e+00 -3.830623215094485889e+00
-1.637107386748416937e+00 -2.378188918023636411e+00
-8.147284683359673707e+00 -1.115924277488816729e-01
6.263179217536062326e-01 -3.976345829075695892e+00
3.195683174069563481e+00 -6.808984148162341654e+00
2.821478730896731513e-01 -6.715764021991661892e+00
1.230087014653378663e+00 5.190384552298827892e+00
-6.567570018838704726e+00 -5.428150550977988154e-01
3.460043523235979634e+00 -8.998946334309273709e+00
5.393571352373427885e+00 -3.251378849065797549e+00
6.178102640587987082e+00 4.626768773035081495e+00
-6.721845092704182179e+00 3.583522281184456038e+00
2.579555657746703812e+00 -8.553884739279515870e+00
-6.930862351011973566e+00 -7.643984167255279516e+00
6.731589488935854959e+00 -1.185507812109201753e+00
-7.425384684383029565e+00 1.928472160144146574e+00
6.646286095967329777e-01 2.083568078396203394e+00
-4.256296044800975231e+00 4.438518091476865379e+00
8.240195828853259741e+00 8.386356543874532221e+00
-2.565949128822627934e+00 -8.781222993146835520e+00
3.936274836780626618e-01 7.491727954053662986e-01
-1.357963135760380080e+00 4.852512243956623728e+00
-2.796828800380460667e+00 5.539675843317392712e+00
1.689772553459508053e+00 -2.181314921594316392e+00
-4.811850392173180779e+00 -7.207070661621781227e+00
-8.933512899153479125e+00 -1.947211888843371375e+00
-7.111399026294389358e+00 -9.011838857497121325e+00
-2.808320381512133146e+00 1.549013865444569316e+00
8.688980888180754647e+00 1.004258111790964136e+00
-4.626633441815683589e+00 5.653686652238186561e+00
1.763219994188843232e-01 -5.512638240067458284e+00
-5.756426349183120905e+00 3.111645152092912259e+00
4.422238398917692770e+00 -8.573115499827860475e+00
-4.369652617901595981e+00 8.525842479240445471e+00
-3.350126641264952632e+00 8.667354713215173589e+00
3.484976099782390868e+00 3.220043945168437061e-01
5.071522783851034610e+00 5.179282389672435372e+00
2.791634197398503492e+00 -1.136591452937584013e+00
7.242474730222261847e+00 -8.520618086407813152e+00
-2.551521988543430819e+00 4.646845962183547285e-01
8.287202362939355638e+00 5.375704713726754846e+00
8.122816510250105537e+00 3.225145415066465127e+00
4.627227368820677200e-01 -8.942966144730798206e+00
-4.804376381963034071e+00 -5.278746818934525464e+00
5.956863030277362192e+00 -2.158751961711632195e+00
5.284812999258601707e+00 7.869273330937759603e+00
-1.880970092917197967e+00 3.575925286399495917e+00
-4.885545576519331412e+00 2.360173236057134361e+00
-8.119205146539485440e+00 6.634609585558081335e+00
-5.519497961538857744e+00 -3.204110774844622256e+00
3.105549444634716494e-01 7.395603247462863905e+00
3.438337134650965687e+00 6.592867424591357661e+00
-8.039509298369614143e+00 -1.276282448644882273e+00
8.981699697797710158e+00 -1.053039605546850499e-01
7.929399384756617764e+00 -3.698038404699113713e+00
-1.048842838083285045e+00 6.122329847004076342e+00
5.450232682642131010e+00 3.584312123050491294e+00
7.536377418519673022e+00 -5.574778138306406561e-01
4.704331758080918746e+00 6.763282380741731714e+00
3.689501231679939153e-01 -2.599168690676076032e+00
6.730588418824693164e+00 3.513398889150010529e+00
3.936481757651370650e+00 -7.617574455253942389e+00
-7.487040090820761939e+00 -2.547313015637064026e+00
5.505966392390275743e+00 9.117943847795119794e+00
-1.453014680111576751e-01 5.517125525685485421e+00
7.113934162516149406e+00 -4.781492127623455879e+00
-7.065717901700462100e+00 -6.503416426599244460e+00
6.495272311154973721e+00 9.793051143673225933e-02
1.631274848332418426e+00 6.198042728775806864e+00
-4.230611995913834633e+00 -7.656854232258992754e-01
3.140747815933060405e+00 2.781155609782935301e+00
-4.921939233007091019e+00 -4.296764656392348947e+00
-4.082991945762991293e+00 1.297320418490430338e+00
-1.590154508340835493e+00 -4.922820770246755906e+00
-5.582993092628731446e+00 -8.452060078935714316e+00
5.320297556506994319e+00 -7.077748951928484189e+00
2.791636728070494566e+00 -2.764914882761965842e+00
-3.304067429234536224e+00 -6.697703492044150053e+00
7.465592886348664248e-01 -7.762130699503082099e+00
4.099400315974809139e+00 -6.184768009371536479e+00
4.135811595569427901e+00 -4.840201155013105883e+00
-4.735311649118214561e+00 -1.964021517589846777e+00
2.078781900896120582e+00 -3.830924626945125144e+00
3.120591377015386580e+00 4.060919667307468117e+00
-8.049303896564444116e+00 -5.995929957981289249e+00
-8.522672646671805907e+00 -2.987350765843908018e+00
-7.119727964419040767e+00 -5.348388337548026783e+00
3.417971611137133436e+00 1.742182667650502337e+00
-1.143561920463577408e+00 1.036268395390138597e+00
5.066612548252345860e+00 -5.597587663998555563e+00
2.811203890697722585e+00 -4.501997546668808248e+00
-4.337433685859475752e+00 3.745891447873728186e-01
8.998317456428738481e+00 -6.027623231790243175e+00
4.225180616320291627e+00 -9.340679884113184395e-01
-8.503516669414212359e+00 4.857563593726020201e+00
-2.579312186764513015e+00 -2.801819801176992364e+00
4.225792038269253759e+00 3.912713009906838568e+00
-4.702378293286735289e-01 -4.583067616997420046e+00
4.516146582593366432e+00 -3.686121811663695791e+00
-3.537445461258998947e+00 2.548662427885244774e+00
