-5.473604516106868267e+00 -1.379673719620798211e+00
-5.773565432108022755e+00 -2.453492507191689764e+00
5.185873010270599437e+00 3.304751066144569815e+00
6.255521549365875345e+00 7.888805291350797333e+00
-3.336212153879897890e+00 -3.901760667404036376e+00
4.617226832536831971e+00 -9.619014928766130623e+00
-4.243075516617995646e+00 -8.978111631941597892e+00
-4.050483574070403492e+00 -6.009138417985462333e+00
-4.310128672698723129e+00 -1.232635167638316265e+00
3.265948467053128024e+00 8.905279007009260894e+00
-5.003034671054228610e+00 -3.449853868570429416e-01
5.995745839435815405e+00 -8.165236144784552508e+00
-4.945430021712121871e+00 -8.215382855808124773e+00
-2.929659156761647232e+00 -8.666343592806214247e+00
-3.866843548781619955e+00 -2.790338060624886207e-01
-3.320199331656642272e+00 -6.815966461752004157e+00
5.397148712732236397e+00 8.464265837645610802e+00
5.515178198001136067e+00 9.548071864582295731e+00
-4.441488352181480082e+00 -7.092207005024775412e+00
2.918548236134169027e+00 6.599137099642828908e+00
7.166574579854227522e+00 -7.804835713406937714e+00
4.004563510997608766e+00 -7.831869025770255455e+00
3.979365973403065304e+00 7.029259467075640977e+00
5.039045080077487526e+00 7.375515616814189990e+00
-8.049326904373261371e+00 -2.807912929778447086e+00
-6.655651825824077328e+00 -1.540960026317394593e+00
4.446656260123328153e+00 9.284170015626916239e+00
6.617960859514982808e+00 -9.899984244450402926e+00
-5.659532858008825329e+00 -7.278890368830017721e+00
-1.712540641727148483e+00 -5.432000840275404308e+00
-2.421608146356147628e+00 -4.597811069475858936e+00
7.377242825305255103e+00 8.056093824824838379e+00
-5.151287507145364764e+00 -6.297894845300931799e+00
-6.265444919063486218e+00 -3.520164399055934368e+00
5.422044154584639841e+00 4.368518096044455845e+00
-5.694905594287921424e+00 -4.426650578866996533e+00
6.534942598754351017e+00 4.746012005337563622e+00
-8.018817795523567327e+00 -7.542359918079033498e+00
-7.703161634502277977e+00 -1.794084267054323334e+00
-5.996742187140577940e+00 -8.314943189382210775e+00
3.110903076812426171e+00 7.760883786964535958e+00
2.761621338950829507e+00 5.460722505510855029e+00
4.302969723559924020e+00 3.917153944850876091e+00
-7.401498047297396354e+00 -3.678161045930625761e+00
4.784838742028417968e+00 -8.519428857939546518e+00
-3.112405277560396755e+00 -1.082710096282171186e+00
-3.580596624936486005e+00 -2.233764396652366369e+00
-4.954902531263901011e+00 -5.198128846536592462e+00
-4.127694452297262728e+00 -3.181350870474068504e+00
2.090970760208425983e+00 7.375402776489812240e+00
8.080042281468379883e+00 -8.623703575844633207e+00
7.340137498092453860e+00 3.957101470519982289e+00
6.734185918884818989e+00 5.996531836601299403e+00
4.909284947386357345e+00 6.224578844141954725e+00
-7.826832578026172271e+00 -4.788298068088995940e+00
6.892032420306473561e+00 -8.833235363265682594e+00
5.906489376681394177e+00 6.776131639344717073e+00
-5.288599848817828075e+00 -9.279272482856107729e+00
6.429849216572730342e+00 8.970513478458595813e+00
3.783721830560348831e+00 5.979626809501874085e+00
-8.592866078989304768e+00 -3.898295418958428460e+00
-6.218460500210409414e+00 -4.799259859723800647e-01
2.214534985691594571e+00 8.494283624796450383e+00
7.534355409812818039e+00 5.108913452241581332e+00
-4.544951449779549790e+00 -4.262484277605630645e+00
7.664611291403562454e+00 -9.677392066769806789e+00
-6.861991420346626569e+00 -2.721518700342166586e+00
-6.407002716772362660e+00 -6.463142838862690809e+00
2.818296565673208853e+00 -8.241869560166824371e+00
6.294429459592378429e+00 -7.005081651982019153e+00
-7.317481100560213392e+00 -6.880513222251775085e-01
-4.691323003148249349e+00 -2.255601949274543827e+00
6.290217238300109592e+00 3.675764390137942872e+00
5.185548068400050781e+00 -7.480687804336965563e+00
3.516586333466384939e+00 4.650432718807193666e+00
-2.533908902903023730e+00 -7.582774998311231585e+00
-6.742201411610610151e+00 -7.550834956158774425e+00
-7.440249549516326333e+00 -6.625783061221046211e+00
-7.139525184238087796e+00 -5.576128277240464115e+00
-7.161121229452014347e+00 -8.549880822459529739e+00
2.635279398185436328e+00 -9.375468414565942155e+00
-3.753095176450530257e+00 -7.874917546073630703e+00
-2.824272934445278604e+00 -5.574745116142470813e+00
-3.697938860698621877e+00 -4.932086522996265820e+00
-8.921094650151077943e+00 -4.919025382019404979e+00
-5.189009841285043834e+00 -3.390298928097830178e+00
5.761954537368195517e+00 -9.177614060166890297e+00
2.237682358119746251e+00 9.620940781296368982e+00
-5.923210392291579751e+00 -5.496588750201095053e+00
6.969304103931117211e+00 7.054181108664615785e+00
3.732618523902301977e+00 -8.917519291937804127e+00
-6.743542613935826324e+00 -4.557852063228551742e+00
5.698020953771290920e+00 5.458179348672092424e+00
-2.288859081162367026e+00 -6.483222040964759181e+00
7.409175606377240264e+00 9.255825971824600984e+00
4.167005682795041466e+00 8.158655863388082352e+00
4.561303019199107744e+00 5.093790894892174848e+00
3.515301743621114916e+00 9.962439575635707811e+00
-8.204061219874313693e+00 -5.834372089558810259e+00
-6.375600870622695204e+00 -9.345887966820274784e+00
