-5.575449839754016423e+00 1.001946792115637308e+00
-8.770536566598188255e-01 -6.981451544003085097e+00
-2.332643512501164196e+00 -9.513553070162628078e-01
4.060432374004109946e+00 -6.760078600440604824e+00
-4.290919383791892194e+00 -3.414809350391291520e+00
4.608782997917241220e-01 -1.555658066357208380e+00
-2.952525167455327892e+00 -8.338911879760889434e+00
5.876355306472862416e+00 -7.022054165373592838e+00
-4.449460854334271964e+00 -8.292256054824747480e+00
7.967643651471620458e+00 -5.729419362102987634e+00
-4.811917611812723372e+00 4.632235942115841887e+00
3.783585532721484235e+00 4.438023567168007943e+00
-5.265450805218699237e+00 -2.635376776655842246e+00
5.424266075480513649e+00 -7.987743788811792811e+00
8.738537845486241906e+00 4.339711262408947889e-01
-5.357466819038771533e+00 3.612585821631959515e+00
7.501256609064987479e+00 2.332114968921348841e-01
2.329178398833959385e+00 -2.781917842299721944e+00
-5.457481929057270698e-01 -2.079005833722077923e-01
-1.737045529296818547e+00 3.089057803277351688e+00
8.460768738435684000e+00 8.334471814651063681e+00
2.843443179652054287e+00 1.715828168505522555e+00
-7.079164641550783621e-01 -1.967207763482552885e+00
-3.653374356445961979e+00 4.016580528304867670e+00
6.011180983562951496e+00 7.593005073850129349e+00
4.293079249104985173e+00 1.480254706352242433e+00
-7.061852584808560040e-01 2.637261624960388851e+00
-2.790843092128417968e+00 4.931423456182387532e+00
7.029786344860242231e+00 -2.397826911938445438e+00
1.795534957680106958e+00 -6.448744532920750672e+00
-8.229575618438323303e+00 -4.785815718785326744e+00
-2.334761506690920640e+00 -7.473228501890232245e+00
6.711539540716545460e+00 8.468711231896916658e+00
-6.114865854402737888e+00 5.726757884172875457e+00
-2.822196231057844340e+00 1.671580574616606807e+00
9.125780619839751751e+00 -3.077628405479098994e+00
-2.248844762220461035e+00 5.663000359822515151e+00
1.495119217889413710e+00 5.888997664795267539e+00
9.458640188415079475e-03 3.902557795317517009e+00
-1.761917427446400897e+00 -8.471769141435474992e+00
-2.511311599172175058e+00 7.469283296734645639e+00
6.616679496610338163e+00 -8.716722320379435729e+00
5.998669746063002073e+00 6.241404781432469129e+00
-6.562763048269017574e+00 1.282152261079783750e+00
4.639964924369904153e+00 8.854821771270380282e+00
4.428501384595117329e+00 -8.238110846307160173e+00
-9.973556172231857753e-01 8.067690654058232713e-01
8.139290008177085811e-01 -4.962733294436891818e+00
-6.881063702711010421e+00 -8.771315565386473168e+00
-7.360512550775605511e+00 2.500561815890197659e-01
6.279798864136071579e+00 5.116546908926823178e+00
-8.525864389849072467e+00 3.624655691207234742e-01
2.451313191268931657e+00 -5.628604332560715129e+00
7.210622375561356101e+00 3.024168488031848234e+00
-9.081263788078974386e+00 2.128022527798384189e+00
7.965634040647750602e+00 -8.265174437587615941e+00
-2.282694219742304576e+00 8.856244965848528494e+00
-4.183738255799102079e-02 -4.009833167344849514e+00
-4.009649782708049059e+00 7.666451831674504724e+00
-3.164292342578830297e+00 8.384588660287327855e+00
3.918331200441752760e+00 3.023826175707502451e+00
-6.417514152017585793e+00 4.541609560534529244e+00
6.280575330274930757e+00 -5.210676188038489087e+00
5.663932671147118292e+00 3.904143126485298154e+00
-3.742362253414258100e-02 -7.856357865484724812e+00
-6.049561576356987658e+00 -3.471577800123718749e+00
3.131441749449040746e+00 -1.143936939489070825e+00
-6.424335365564227907e+00 2.496825047219763061e+00
1.744079078694383611e+00 -7.201666380820613833e-01
7.987835685720281020e+00 6.885305222391346014e+00
-3.624445265058260368e+00 -1.545473778916185204e+00
3.915380103416115976e+00 5.901651775084655327e+00
-7.232609426666478214e+00 -7.290051313318093307e+00
1.780857591271156615e+00 5.247069791256044891e-01
8.653988177750985500e+00 3.587473899110917852e+00
3.931100329889179790e+00 -4.203729310885271353e+00
-6.362420129351507025e-01 8.424479695049104322e+00
9.120194387651661128e-01 2.444778718673854545e+00
-1.619187197472273354e+00 2.041911903205761991e+00
-5.205296047816534433e+00 2.468752395488668316e+00
1.209022903626790990e+00 6.838175563514074184e+00
3.331434456450223625e+00 -8.140265832518316813e+00
5.146770340798822119e+00 -4.205801653670401485e+00
-6.183839915805766196e+00 -1.545588129210497152e+00
7.548203042070893432e+00 5.668100061280765267e+00
-7.756319187014970140e+00 -3.510574176886287479e+00
5.939866273750025627e+00 -1.750681718714160784e+00
-4.271781748981403837e+00 -4.570222844143962071e+00
-4.869935852803594756e+00 5.887422790528504812e+00
8.656873479402079852e+00 -4.381022235843691881e+00
-4.345202346875997712e+00 1.565359770321106625e+00
-5.268230315541565290e+00 -8.924112457233523088e+00
9.109734945422915953e-01 -2.979437574142999701e+00
4.209629109883699094e+00 -9.155193007128565874e-01
-7.325688841873527757e+00 8.395864758765020142e+00
-2.892877027167554349e+00 6.553067219718863079e+00
-3.695331769987448833e+00 5.450505851210466268e+00
1.489395093311308482e+00 -3.879256265987799601e+00
-7.130408775487848683e-01 -8.815174312759811670e+00
-6.530822665759508538e+00 -2.418147384917888942e+00
