3.406930151199513812e+00 -5.604443529669749680e+00
6.083094411256962708e+00 -1.447881201091483216e+00
-3.908138581360839914e-01 4.357531618888002556e-01
-4.316233600326847331e+00 -7.089893963890681050e-01
-3.426735231882504173e+00 -1.782417453595693591e+00
7.658301080466065613e+00 -6.967165272819281219e-01
4.921455353936551980e+00 2.314686394585195650e+00
-1.755578863893101582e+00 -2.241639029935293514e+00
-5.274280796038468999e+00 8.684623805452396539e+00
-4.355853284586904017e+00 4.328959488578694170e+00
-4.400825361359384402e+00 -4.602698062957311542e+00
4.424444831309702231e+00 5.523763929122487149e-01
-7.039830199826623947e+00 -6.582594830702717559e+00
-7.494786537456216147e-01 -8.219952660926148624e+00
-6.565356355070202099e+00 3.208640065731825253e+00
5.145474748263687559e+00 -7.408469487846693902e+00
-5.781125792283408948e+00 -2.642804054356455712e+00
7.850506195692500633e+00 -7.289695599030397766e+00
-1.826122225336160199e+00 -1.808574346933728982e-01
-3.324043591197282765e+00 -3.991492417858965691e+00
-6.674576931610367581e+00 -7.958260022787533750e+00
8.752251384625562736e+00 -3.233064888527439340e-01
-1.751912137528253421e-01 -6.320774421581927260e-01
2.607817393165507536e+00 -1.035289889859945189e+00
2.781640830930092179e+00 3.726606590159626364e+00
-7.931107624508566545e+00 1.561371645925939688e+00
7.255782674380236053e+00 9.832043710144007242e-01
-8.211780672684072968e+00 4.788969492144332207e+00
-4.135225167867459639e+00 1.828103857598703863e+00
9.674477215490900894e-01 -1.315964503764830207e+00
-7.643198300017446378e+00 -3.020427047663922782e-01
9.102116565609271959e+00 -1.851587867717834124e+00
-2.916023296494916206e+00 7.361351286861821386e+00
-6.266894689423331499e+00 -4.429938428233709757e+00
1.257237797259614487e+00 -2.852167048492247670e+00
1.724669395364927027e+00 -8.956368539802829432e+00
-6.404110938996323554e+00 7.396970892246081952e+00
-6.271168339702902550e+00 -7.664538060418907284e-01
3.769234117759569180e+00 5.676306552890994617e+00
6.616280851952874187e+00 6.125574874108849488e-02
7.843565643202800253e+00 8.238194306016406898e+00
-6.324479352104431129e+00 8.535111035812523284e+00
6.997034694261233589e+00 -6.189690038904357650e+00
7.323763237386763159e+00 4.217392658422826734e+00
-3.751236612686992267e+00 3.119383643377375837e+00
9.215877472568909656e-01 -6.625557363391031629e+00
-1.509503357135580037e+00 -7.374636956247186959e+00
4.292836656852856869e+00 -6.401749171908189595e+00
-4.282043054074530453e+00 -3.549150786929179624e+00
6.897544817256339833e+00 -4.722353836510022163e+00
3.378196655452697872e+00 7.987837278918500372e-01
6.631339966748228676e-01 -6.135780762966647206e-02
5.806474278834243385e+00 -5.345294384062602155e+00
-5.332606782740377582e+00 3.865486302025882726e+00
6.233332594983400199e+00 6.113114775392823219e+00
7.264547412430284457e-01 9.336184068227041388e-01
7.530248651085716283e+00 -8.955402587970107575e+00
-8.783336626761100163e+00 -3.688064319459755769e+00
-3.052942576368789407e+00 -9.043179083959309139e+00
8.254182679029527847e+00 -3.571160654648191990e+00
2.824115249894525004e+00 8.754432780208196263e+00
-2.863933233583692006e-01 6.705403385226361479e+00
-8.592270171045321092e+00 -5.124303172962582309e+00
2.459543675116425021e+00 5.277360391419609442e+00
-1.983283582181538440e+00 8.213751240271363940e+00
-4.726999046295733642e+00 7.707291272194999543e+00
-4.406101015418889766e+00 -7.639272437102471613e+00
-8.435033630912624147e+00 6.788573441272499842e+00
2.192521599091944662e+00 6.403080981696068541e+00
-1.850679150146653074e+00 -9.033841463491215862e+00
3.287595243446278293e+00 7.662771007008027269e+00
8.972428791481423804e-02 4.455521027063119810e+00
-2.468236118571902615e+00 -1.114394858207219619e+00
-8.471289681622364398e+00 6.087879264316371497e-01
-2.110500870438345888e+00 -4.446079394010322261e+00
-1.294240669314032255e+00 1.458725079308829997e+00
-1.039568942864307344e+00 -1.261315612859498003e+00
-8.479823542382048274e+00 2.493266820491901736e+00
-7.517718511495822931e+00 2.578519727462510680e+00
-6.041319403977225555e+00 5.957387523271370888e+00
-6.513219911176413746e+00 2.109648335770516248e+00
5.626434124762035083e+00 3.308490456856742146e+00
-5.781934474699786719e+00 -8.570943364177773915e+00
4.047187324200778313e+00 4.457706099005160461e+00
-5.741020343300036188e+00 -7.276837854014249984e+00
-2.769442219813365025e+00 -2.921429170234256745e+00
8.969450759092724823e+00 1.429204991840828276e+00
-7.570699805995322329e+00 7.571630285332537014e+00
5.526081226859052009e+00 -2.273537191380982758e+00
-7.987887636430436089e+00 8.827512781817478782e+00
-7.121331817780156115e+00 -2.847227019082523736e+00
-3.507690976324124410e+00 8.183867964437325782e+00
-7.498368798813923597e+00 3.706007133365244233e+00
-3.201841059356198560e+00 4.100531595998825551e+00
6.174385346200684133e+00 -7.579458085513773646e+00
2.066216917696023891e+00 -7.905326811088057681e+00
3.564795183066372442e+00 -5.453223350549433190e-01
-6.967454813161105598e+00 1.103199784517711057e+00
-6.199612482457501628e+00 4.589620480138107972e+00
-2.970273330809035883e+00 1.856532196829724368e+00
