3.661215930167968757e+00 -3.013445753380323389e+00
7.713336684338456983e+00 -1.299625972147754993e+00
3.116389812279321436e+00 8.877454905959174525e-01
-6.809951336751526085e+00 -4.647730807605535475e+00
-5.546550662588293434e+00 5.272455335009428978e+00
8.293621769671746691e+00 -4.054538526407098331e+00
7.316024170756570300e+00 2.969931091948539326e+00
1.751690800865609132e+00 -3.677343462369820237e+00
-2.579183588161681584e+00 6.198719552848698022e+00
2.744243995569923378e+00 2.253195633460251646e+00
7.197211650063897181e+00 -4.731282889156440241e+00
-1.013110812645060310e+00 7.274060981744096210e+00
-4.467901499641542262e-01 -4.923496750314752646e+00
1.706603734210926149e+00 -7.913871889019802097e+00
-3.422244616410976104e+00 4.933304313794591778e+00
7.097421910204774420e+00 1.202972828145640216e+00
-2.994029980805358093e+00 7.502264395189599533e-01
-2.215568951420413768e+00 -4.521067239042631414e+00
-1.334321238892995698e+00 -3.059635171199413861e+00
-6.666788527030673706e+00 -6.530555364156130693e+00
3.986828739969662916e+00 1.889341466094154320e+00
5.913858787381167659e+00 1.906278030665814915e+00
-1.787876085772841073e+00 1.434620679934433651e+00
7.823613202001653555e+00 -2.612166297825825101e+00
-4.113560162873074466e-01 -1.909606860409597484e+00
-2.329323839156987930e+00 -6.391737706435653976e-01
-5.090292160323468984e+00 -5.597189433996728525e+00
-8.952110928015377667e-01 4.760833064018769711e+00
4.858735836073178938e+00 -4.760908674208495839e+00
-4.933812930102520866e+00 -3.187292416015259366e+00
-6.591870430581082019e+00 5.080192776788604370e+00
6.437315060346511686e+00 -1.753495090572003035e+00
3.178599152678585948e+00 3.494169496766827532e+00
5.056278220968007275e+00 5.754339408085602514e+00
-1.787720334949525647e+00 -6.337337735145391449e+00
1.400094099440080675e-01 -6.024075264715715861e+00
1.745076819405760649e+00 2.182418670736252508e+00
7.792976677963750376e+00 8.389094267208722755e+00
4.880424041945588876e+00 -3.110088508473216606e+00
9.346384102196249044e-01 1.232415809445747135e-03
-1.449515467283248205e+00 2.767283357975754421e-01
-7.567060711171547105e+00 -3.992953984024917968e+00
3.283375464929260801e+00 7.607505881056462194e+00
-8.403590911958717768e+00 1.054725134499599815e+00
-5.027078572770498965e+00 7.042995858801115894e+00
6.001732054719736975e-02 4.385243245624068642e+00
1.511488328852276908e+00 -1.082577793753213502e+00
1.351183273670133467e+00 -5.079340125552024077e+00
5.757275676018084987e+00 7.361498329211202396e-01
6.132296120345854362e+00 -3.216608044012457257e-01
2.111198833674593711e+00 3.767680291952003824e+00
-7.205134007508763594e-02 8.343521481455788091e+00
1.156151687056838462e+00 -2.853232748942282182e+00
-2.353667165627328473e+00 -3.134427619454929648e+00
-4.346023245120703926e+00 -1.470040331812416889e+00
7.367029157418424568e+00 4.231215198755267970e+00
-6.239481191005289418e+00 6.218170715518983371e+00
-3.290437717079221169e+00 -5.513131451684938789e+00
5.146442444741953004e+00 -9.548096764073105147e-01
-3.831382682778050608e+00 -6.615610049959023797e+00
3.834050087958014164e+00 5.548497620826823962e+00
-7.487653076201785218e+00 2.671901562750544024e+00
6.035439168552291456e+00 5.560638446028716153e+00
3.509931983360158991e+00 -7.483415631124866962e+00
-3.624521011550704941e+00 -3.294692613678384507e+00
4.737967049815977050e-01 1.000060896603372829e+00
-5.442380783487072549e+00 -7.713983659773240298e+00
-8.208046512249683957e+00 -1.863121790373603037e+00
3.188998805414953175e+00 -4.308948777251688789e+00
8.330711947405966100e+00 7.340785471902226078e+00
1.842718875485268581e+00 4.629869643273628044e-01
-7.877201195816324386e+00 8.164075784635175026e+00
-4.561374744534899328e+00 5.635648585933533461e+00
-1.140310008041864442e+00 -8.325846644603435820e+00
-5.687639437740299009e+00 -4.664565298251491576e+00
6.166199534951379846e+00 -5.426802878932575069e+00
7.439247759556984363e+00 -7.512790675159793707e+00
-3.993861566404997454e+00 8.262839894015286291e+00
-3.760285190866286875e+00 2.238717268049142284e+00
8.277121986738404658e-03 -3.307749518075671080e+00
-4.267052775104404283e+00 -7.616590533042296940e+00
-3.605400397192708439e+00 -6.425711538128593414e-01
-1.496916190812813463e+00 2.760202996276479581e+00
-6.900397615067552337e+00 3.718588921241299250e+00
3.318342817586900084e-02 7.062311941566388640e+00
-7.439671089745107047e+00 5.766225824505657904e+00
7.563883383762549428e+00 2.891528352496393062e-01
-3.523888211357911082e+00 7.072987195531355908e+00
-6.193897531485912822e+00 -5.652037240178720445e+00
-2.533300671064896648e+00 8.217488722495916775e+00
-4.904908958081441561e+00 2.017943654938927078e-01
2.428084076630028676e+00 -6.282742368083495066e+00
-5.452034284916412732e-02 -6.222821800980901097e-01
1.196638544204104093e+00 -6.470389932638334507e+00
6.020184560965788911e+00 -3.498059894118756397e+00
-4.482643953998416975e-01 -7.103185308219789995e+00
-5.607965856551215822e-01 1.815449047569694940e+00
3.946317720241463878e+00 8.321912569410564231e+00
8.293603555227310409e+00 -5.235952504769240123e-01
3.513975009417966255e+00 -5.848088779987330454e-01
