-1.037984625434282826e+01 -3.036773083465650558e+00
4.818433368437247566e+00 5.667035648084914001e+00
1.074466308296504913e+01 -6.957629434653234135e+00
-9.117934345391541129e+00 -1.269387507804792214e+01
1.208612730353078257e+00 5.619280352502371123e+00
-4.534765805005799955e+00 5.862614257752988500e+00
-1.005257979587395489e+01 7.963225765944996759e+00
-1.025023376094861938e+01 5.653415076730428979e+00
-1.016425312711646711e+00 7.557172731827740186e+00
1.094338084061147853e+01 -8.006539628148207299e+00
-5.965514213805626298e+00 -8.124531014072315926e+00
9.047850916290320455e+00 -8.918537350414350584e+00
-1.043942751670873292e+01 2.087649829055642670e+00
-1.128127336308856954e+01 1.139748082133907214e+00
-5.325302027116983972e+00 1.194702445991459072e+01
-5.554349118786712225e+00 -1.223945422475157940e+01
-1.211747013804182238e+01 1.909933123262443910e+00
-7.040307634699414230e+00 4.996873655237228817e+00
-4.502901959595154047e+00 -1.257540639146088957e+01
9.537189210607113665e+00 -7.573362288697196298e+00
1.246494078709160291e+01 5.799888595692197502e-01
-3.157693193829823386e+00 6.529368894754856711e+00
-9.971071889550968237e+00 -8.241136335350518038e+00
-4.524091609422269400e+00 -1.012275161880047314e+01
-1.603676756492516065e+00 -5.253960989622068922e+00
4.550688674359800956e+00 7.629902111873607673e+00
-9.751008279179426808e+00 7.017955138326104070e+00
-1.273323221947849149e+01 2.820500337620265086e+00
-2.176099306476176665e+00 7.205183097761866939e+00
-3.233022661449652446e+00 -9.500701948284058673e+00
-1.222242144156163413e+01 3.919053112822176832e+00
-5.912716165611169750e+00 5.638732851026696302e+00
-6.961304556073944383e+00 1.280999722031509158e+01
-1.148824190971146741e+01 2.997504931552856799e+00
9.532049128760085921e+00 1.230891828151303891e+01
6.448154299788004806e+00 9.320639445637862508e+00
-7.600108915795898312e+00 -2.501082597017495690e+00
-8.615295897414931403e+00 -4.450071838573378180e+00
-1.149464332011120327e+01 -9.861538026406437396e+00
-3.461504192176982464e+00 7.851153696353772915e+00
2.318823984568736396e+00 1.135666356532721366e+01
-1.118783407399483343e+00 6.295963556350359092e+00
8.187149144514268784e+00 -7.583717646697822445e+00
7.985816798687165985e+00 7.147392980915642902e+00
-1.193791886854828022e+01 -6.528427764057702198e+00
1.042543708918929291e+01 -5.739660107712200698e+00
5.173170173823840479e+00 1.227539396240576508e+01
-6.451397351669126756e+00 -1.074898457100941940e+01
6.959611857137621982e+00 -9.756580406802962457e+00
9.610109295273222330e+00 -6.506360443444103581e+00
-1.215130819741552592e+01 -8.887775672550818129e+00
3.786006782941462867e-01 -3.274979302917187862e+00
1.011933203115990487e+01 1.100016669269566805e+01
1.116845181550529453e+01 -3.061169870301842177e+00
-9.867694649920034422e+00 1.054378332678395314e+00
9.814539221969844629e-01 -6.270889520397121331e+00
-1.025458242565311373e+01 1.125718683095750094e+01
-1.565801436237529876e+00 1.982044528190905597e+00
-1.500955931625397755e+00 -6.781763858673517831e+00
9.071989953758381020e+00 7.037323947927593082e+00
2.329210264586537793e+00 -7.161727396484627306e+00
8.101354630012290059e+00 1.175824288977575627e+01
6.363963452445793756e+00 -2.667507191284200996e+00
8.963715344140483765e+00 1.098264240899943722e+01
-1.219184839409478727e+01 5.866426706982145189e-01
-7.753274072272061446e+00 -3.590329014795566209e+00
-9.663824515077415356e+00 2.786040478708864843e+00
5.638877347514505090e+00 -7.208028793011882485e+00
-6.044406193773230740e+00 4.276651145785117514e+00
1.201543901932728886e+01 -1.122703637852638181e+01
-2.206479710587322396e-02 1.702495137756328880e+00
-5.870702253665262660e+00 2.648557040651431826e+00
-2.011973277878994354e-03 6.551939569556094689e+00
-7.301043218522115019e+00 1.095207392109245248e+01
1.264065455069328081e+01 1.800242042858421598e+00
1.044124639071633531e+01 3.501047657850410832e+00
-4.796473844362250105e+00 -5.516687737005923076e+00
-8.782830126293575290e+00 -2.069586321906383031e+00
-1.204716901745645075e+01 -1.148378081464262301e+01
5.561062460278948016e+00 1.163494770302496484e+00
-2.101430800225702278e+00 6.091384812638440671e+00
-6.910767559623864464e+00 6.413240670611308758e+00
8.353216476426853276e+00 -9.770987192180218273e+00
3.759337491599421988e+00 -5.969404428675153973e+00
2.921605635021379488e+00 -2.141920296980087457e+00
-1.094033241900740272e+01 -5.988565751247892699e+00
5.050239038476179942e+00 1.124237783585093631e+01
2.285968849949275850e+00 9.095718357670165233e+00
-5.378593314937027081e+00 -4.536046471846979955e+00
-4.378366237510110004e+00 -3.984857846745863519e+00
1.099193202381098367e+01 5.483510660157940642e+00
-1.050442685640832252e+01 4.306898492500171649e+00
1.848141203821659917e-01 -4.517277933529527445e+00
6.333962131884028679e+00 7.402830378090373031e+00
1.268242746327122639e+01 -1.236546491911537515e+01
6.353243638689455075e+00 2.695832328993489346e-01
-7.301398254366636031e+00 -1.421363310144403203e+00
-6.847869474488036623e+00 1.412387939276118054e+00
3.767172616930846374e+00 -2.977448311972122230e+00
-3.565334140130526741e+00 -5.824751695062184709e+00
