1.645429747303171597e+00 7.542039847856687462e-01
4.790345167725130082e+00 8.593979737243026662e+00
8.962508050727916453e-01 -7.121276755085077070e+00
-1.048620035326818689e+00 8.506121494845526598e+00
-1.323012157510778941e+00 1.032525655799782704e+01
1.452030400598545379e+00 -8.104577473625177220e+00
1.311113959977396171e+01 -6.763443425804231524e+00
-1.250282556022000446e-01 1.491331286128379219e+01
-9.526228907517509725e+00 -3.684858390191465993e+00
1.100054421517176273e+01 6.981230200989619661e+00
9.793450740758650852e+00 -2.476021421533504963e-01
7.242887744351523160e+00 2.037524731267253753e+00
-8.727703890006829113e+00 1.580911417636685279e+01
-4.843467082840454907e+00 -1.200153727302011042e+01
-1.458318322763725527e+00 -1.179005429571827079e+01
1.233953133934784141e+01 5.535311636802268787e+00
8.982641167191744103e+00 -1.484548248331977049e+01
1.364337981611039297e+01 1.312457201126699324e+01
1.096207399567851937e+01 1.393915787833917896e+01
-1.306399381722307673e+01 -3.334946610678482859e+00
7.055521703030732894e+00 1.018128887508580682e+01
-7.101186901683308683e+00 -8.160327378729599346e+00
-1.442323357460220734e+01 -1.331182240131205141e+01
-6.842627089551491792e+00 4.696873291983184373e+00
9.384148864705691651e+00 5.068059121192557193e+00
-9.710255017048474713e-01 1.423933755201235307e+01
2.527809116212304197e+00 -3.330807178565544646e+00
-1.285671031687839339e+01 1.251454470548184972e+01
8.840310791277291358e+00 1.211305021869023157e+01
5.919039203411842642e+00 -3.530556427659525820e-01
1.366251534476617024e+01 9.885706420973466635e+00
6.274181779276224447e-01 6.622298038827650224e+00
-4.958587561404389277e+00 7.191532302060228865e+00
2.490433089193881955e+00 -8.327198293760748271e+00
4.779395534333052531e+00 3.377476551916831493e+00
-1.249958369446385475e+01 4.310713945488600096e+00
2.109793978003154713e+00 7.020186924310267251e+00
-1.515149358884994868e+01 1.065988072973883760e+01
-1.400866387882694930e+01 6.941024075517193026e+00
-1.520690025664907985e+01 -1.544455957638554544e+01
-1.468015432881228577e+01 -2.429705588702308461e+00
5.153309449043533164e+00 -1.011339926227710961e+01
1.304724937186284528e+01 1.103622992722086238e+01
4.836193361306030392e-01 -8.166343718411356534e+00
1.476401694642792251e+00 8.033051729992322976e+00
-8.647299249397548238e+00 1.383115068353845878e+01
-3.478889634313811818e+00 1.040152233444757002e+01
1.474675591980675016e+01 6.801835809705559122e+00
1.270852956427868818e+01 -1.221736392057296783e+01
4.098758029561758498e+00 -8.052888887627162262e+00
-1.119596686712069689e+00 -1.228377886605978686e+00
-1.295622810851950568e+01 1.496567888887008735e+01
-1.558462267444763505e+01 -1.599693297237247069e+00
1.059349327757564829e+01 -1.088056061597469260e+01
-5.186169505500139998e+00 1.466463029264489215e+01
1.131800337447787363e+01 1.141540135036302139e+01
5.030697941640271509e+00 1.367040028333616819e+00
7.630787066017830078e+00 -1.473174935472495406e+01
1.062932772096346490e+01 4.486614776716458586e+00
1.112535916106504175e+01 2.863638579396158068e+00
5.332192924669305611e+00 -6.406686923937934708e+00
6.769930129451642742e+00 -1.341965254466280832e+01
-9.007325443521256858e+00 -8.119900952297145480e+00
4.399667576139368319e-03 -2.663342734102154274e+00
9.563352443018962035e+00 -1.153053281147855813e+01
-3.160237454748985098e+00 1.450734458752806511e+01
-1.721594197245478686e+00 -9.021627406753054856e+00
-1.150367849254196351e+01 9.944040388114629536e+00
6.518037028609579009e-01 1.166737392367639892e+01
6.868742477140146185e+00 1.420733453548310088e+01
-9.123847921954334694e+00 3.790686216729337144e+00
1.892848664981839235e+00 -5.283003801591128479e+00
7.316096994769966777e+00 6.422061054098947785e+00
5.335779852832104986e+00 -7.709465055821921098e+00
6.135213504299152021e+00 -8.269045127837292952e+00
-1.548968593445822606e+01 -9.846223593723628653e+00
6.869885842307612123e+00 1.157756754635248164e+01
-1.093598273109508945e+01 -4.529232777804856447e+00
6.123257793198320975e+00 6.629258646969864444e+00
7.155092828427147111e+00 -2.503328022993672519e+00
-1.518524210920186768e+01 1.332381905166399072e+01
-6.685732562827422676e+00 3.551293235002843218e+00
-1.193731487590740592e+01 8.716192430390250934e+00
1.152024077835983640e+01 -4.819914473422112877e+00
-1.108632380720796817e+01 -8.545366309490912471e+00
5.633092234432357515e+00 -2.120444984068581729e+00
9.416275159792702354e+00 -9.937285029160715766e+00
1.432943720950423128e+01 1.401878189632322425e+01
-1.497812369317728765e+00 3.974127048766456838e+00
-2.225894777390698742e+00 8.931191090455756765e+00
5.372038700483217077e+00 -3.140639582118544659e+00
1.246837550538293904e+01 9.510410923907391734e+00
6.589181651337756129e+00 3.946300950283679221e+00
-5.640674910683334708e+00 -1.330728399906393022e+01
5.330332569540694010e+00 1.469858478904488841e+01
1.335835520318887681e+01 -1.357955201918103505e+01
6.429195829129711548e+00 2.921158180821294525e+00
-1.025804620757690522e+00 2.368377170449194935e+00
-9.696372146144945248e+00 -7.077530253004035821e+00
-1.300029982108884852e+01 -4.450551108904940101e+00
