9.056356434475098638e+00 9.976617062670593228e+00
-5.995158648891197650e+00 3.962168216827102185e+00
-6.179373328084916572e+00 -3.990428482047991388e+00
6.729223391572373814e+00 -2.555156936758151254e+00
8.093439835925339665e+00 2.835456153507358579e+00
-5.414691555296889725e+00 6.925657852569893080e+00
-8.121327882078116289e+00 9.057180697227137145e+00
4.676277186365153327e+00 4.473467800792159110e+00
3.150140071620746607e+00 -8.315456414267618612e+00
-5.483410933865090264e+00 8.812268440125427205e+00
1.906203573589445588e+00 6.255117108917819024e+00
7.954744870780400490e+00 -2.931575247627014935e+00
3.343113934689073918e+00 5.847289660015921875e-01
-7.622764261734092273e+00 3.428807161949186444e+00
6.627567465478858999e+00 -8.157953564022546900e+00
3.759669119308699958e+00 4.854367349220943595e+00
8.637584814543027179e+00 -2.479287089972933567e-01
7.808112759427008776e+00 -9.874291898309190074e+00
8.752920268139698479e+00 -3.928330129010774829e+00
5.841103033337662342e-01 -1.951453304218596863e+00
8.776518151482669339e+00 -6.630072897928573461e+00
-5.050101879680754635e+00 9.928653141581706976e+00
6.057692955453244821e+00 -4.804280428120367930e+00
1.761723642101857834e-01 3.392425242676327724e+00
-5.018827411225530888e+00 -4.272940682045123673e+00
5.167610460629334490e+00 6.382277802669825917e+00
8.966046363566066546e+00 -5.607698485407191846e+00
1.657461202715732274e+00 7.792370738621577253e+00
6.638341108921308020e+00 -9.555387848809328233e+00
-4.435042112080513910e-01 -2.657602294612844140e+00
3.917130076964808527e+00 5.902414459012175207e+00
-8.617283973800677899e+00 -9.660522451276023048e+00
-5.624603875930888286e+00 -8.249821097094347522e+00
-1.775549144337219554e+00 -1.023081702154669426e+00
4.286855521537576763e+00 2.541384145548504669e+00
7.268881618520881105e+00 -4.033848155536671753e-01
2.804060740291710818e+00 -9.529215020607852082e+00
1.688244144827858673e+00 4.660331470068788562e+00
-7.358892284952050389e+00 -5.026175743283557651e+00
-7.532257118045261102e+00 -2.668190494003131352e+00
-8.024786915193207193e+00 -1.210891095330353995e+00
-1.787016816806392017e+00 -7.088479179343154080e+00
8.060923377644282795e+00 4.194007256228881708e+00
5.722631943506679697e+00 3.966080540957150014e+00
9.546773635131829749e+00 -1.069382896295388408e+00
-8.695652326986847314e+00 -8.136903276257832829e+00
-2.264719882767361803e+00 -8.027262416753865537e+00
-4.157131952593003277e+00 1.815277984599925620e+00
-1.867127661074905021e+00 9.138915607072727099e+00
1.492899668170849958e+00 -6.624017064359438711e-01
9.590362206607682793e+00 8.700331562950109898e+00
-4.168544301180264533e+00 6.147565420527837610e+00
-8.246510019231239497e+00 -3.702715090541393028e+00
6.174026373797366851e+00 -1.633398137730581956e+00
-4.005848091528726229e+00 5.023481177306639900e+00
6.308028359699152432e+00 8.822871321700755942e+00
1.909060170554324642e+00 8.781088006510797683e+00
-4.964035156857524278e+00 -1.366356620718257808e+00
5.169613840570364438e+00 -3.167251250778327698e+00
5.660319237926674241e+00 3.024776315212369671e-01
9.431773403528314503e+00 1.271770062772016763e+00
8.119226549887812894e+00 -5.197257062958668961e+00
3.703227195676716210e+00 8.993616982752689282e+00
-3.181589252697137660e+00 -3.651510003792991288e+00
-6.524338879953411663e+00 7.134298816558215073e+00
-3.203607059568112092e+00 9.243525880037754661e+00
2.573813879087570644e+00 3.247808917729602562e+00
2.311662229674651403e+00 -7.770775028979825194e+00
9.058679945709917192e+00 -8.626294482488743753e+00
5.146930406782538547e+00 7.767053505496459564e+00
-8.301281409342639250e+00 4.397698319152729240e+00
-7.222574952043474994e+00 -5.972933109033220056e+00
1.201202770029810851e-01 2.083209012682145644e+00
-3.124909350714760947e+00 3.315154028994653501e+00
-9.272914057883843597e+00 4.767144152276387103e+00
-8.602905159393094081e+00 -5.302992700608472276e+00
7.830524408353379151e+00 8.472958310637912493e-01
3.516237332891857026e+00 3.599580019860847635e+00
3.609012244487525223e+00 -7.972568616127677643e-01
-3.677596979629152774e+00 -2.455277964013566017e+00
-1.195896167991454595e+00 5.128798480583634856e+00
-1.049845398241058270e+00 -8.308958081203773105e+00
-2.288326670986506439e+00 5.222958067309072305e+00
6.638719651050125847e+00 7.605851959186159306e+00
2.343957351888646734e+00 2.276272536013830727e+00
1.360709918364729987e+00 1.013857844260401819e+00
-6.570251046794426841e+00 -7.724930458432223368e+00
3.371214879085664418e+00 7.166743794228993991e+00
-6.134744173556130775e+00 2.337475434951828301e+00
6.726395431486800192e+00 -6.289152675500752743e+00
-7.196181551174409385e+00 4.792581283500283895e+00
-2.247305185711369613e-01 -5.962302722142686306e+00
-7.333786258812720060e-01 6.316870628464415383e+00
8.092400320124607305e+00 5.421364864904301584e+00
-8.353292931798860010e+00 6.772250901710062720e+00
-3.454675345294830002e+00 -7.520401867696060449e-01
-2.791629760772655011e+00 -1.480960364913773919e+00
1.726923008048464103e+00 -8.893302642127324020e+00
-6.768129638465418818e-01 -7.290223987863068800e+00
-9.431318239971830053e+00 -1.206555686930542937e+00
