-9.887272995615711935e+00 7.474279252413984054e+00
-7.669017567567228078e+00 4.599238074706195611e+00
-7.114571010587389388e+00 3.602479563165697396e+00
-2.309482439131135045e+00 -8.803477267494526970e+00
-7.106853620734952415e+00 7.935322220195843101e+00
3.546199747209227926e+00 3.008569439806889179e+00
9.258131187927101990e+00 8.239229423163271449e+00
2.821813633026974966e-01 2.421058648536243307e+00
2.181092962480148501e+00 3.324617717025950103e+00
1.703178786460617655e-01 5.754847714944981263e+00
-1.009601165106323917e+00 5.159829717336513077e+00
-8.852472470832527307e+00 7.302817090674127876e+00
-2.587444378393029876e+00 1.317366472288174162e+00
-9.995435069616767976e+00 9.094740570938080637e+00
-2.187718523957772554e+00 -9.939527118286994423e+00
-3.121576648931720488e+00 9.333278792839077909e+00
1.641402689862594411e+00 4.163995252041627460e+00
-1.877083963770653119e+00 8.890171018061273855e+00
9.763908899500718386e-01 1.376558601692432493e+00
-5.136449260160719454e+00 9.398654542390731947e+00
-5.961872252111644066e+00 7.411749640068423517e+00
9.782574186415212480e+00 4.245025515369231783e+00
-3.894407463670513714e+00 7.593110481925893218e+00
3.271735900282831455e+00 5.676414146069151734e+00
3.462902515777708690e+00 4.085078750812828119e+00
-1.847348923557472933e+00 3.184858620786232830e+00
9.614228076924248967e+00 6.034281891674633691e+00
-7.788002989881166904e+00 7.102621492728867558e+00
-4.333802695356031798e+00 -9.112275324722039826e+00
-5.153907988057108369e+00 -8.364032083276148555e+00
8.318260351081843140e+00 6.133365542179682883e+00
-9.244321725660654465e+00 8.300180481711064928e+00
-1.464595921623884411e+00 4.194471032002073940e+00
-4.877952322848427613e+00 7.220644540959482605e+00
-7.474102322709223145e+00 5.715187989410865477e+00
2.790989573848157712e-01 4.615628330779856903e+00
-5.340239943275360446e+00 -9.573873115246488652e+00
-2.963170724589673011e+00 3.678304643638608429e+00
-8.171003147367612129e+00 8.170319320052605860e+00
1.418300497028708973e+00 2.586812525037589072e+00
-2.984540494111150188e+00 5.788294623639525405e+00
-6.388839028047224033e+00 -8.863739248252930025e+00
-6.372708812399483946e+00 5.645170779988912813e+00
-7.757431756246916388e-01 6.273448796759830692e+00
4.842072236407005015e+00 -6.910025249234196032e+00
-7.602786934592549173e-01 2.745311731374254993e+00
1.318348059033752406e+00 6.370790923357670721e+00
5.456987184148363035e+00 -3.347370624362931313e+00
-9.043566536997513339e+00 6.181502639529679044e+00
-5.628315666089004132e+00 6.340944081393307563e+00
-1.239536251893025520e+00 -9.337330769743392267e+00
-3.425344196777357464e+00 -8.240979297343178800e+00
2.663527554540456421e+00 2.372647239268032227e+00
3.348888949685599581e+00 1.608328945890507899e+00
8.292601027914562550e+00 3.365509416303929413e+00
-6.575635590826861332e+00 4.595541159275020604e+00
-2.689427490957333688e+00 2.476065830295433923e+00
-7.531961014022235723e+00 8.959600333613938261e+00
1.271109892915295303e+00 5.253877976381307491e+00
-4.111440563606379328e+00 8.672239529630484611e+00
-3.338429561738136098e+00 -9.364792503136127877e+00
-4.130292486490060533e+00 9.785727730944550729e+00
-4.907632688212019367e+00 3.551349753736145143e+00
7.291346738617849876e-01 3.429325917103516197e+00
-7.961050882761668390e+00 2.659660375385000997e+00
-5.429789306452472708e+00 2.378890722172354533e+00
-6.269834758256537910e+00 8.564447358308431291e+00
-7.387207118890903423e+00 -8.588819704286141388e+00
-1.527271180037184317e+00 1.902121194578944907e+00
-5.493825487123140672e-01 -5.732935178124415110e+00
-2.940509620220813858e+00 6.959248276216374762e+00
-8.749351188984560324e+00 9.379688098517609873e+00
-8.522329052093720492e+00 5.231218703985868856e+00
-6.520447350120808672e+00 9.591090939419169459e+00
9.473514548936138979e+00 3.031085198902554900e+00
-9.639494626280752598e+00 5.259273159460703617e+00
-4.012563606866053512e+00 6.427521303468502367e+00
-7.457284014071208222e-01 7.345422546366969563e+00
-5.928840771737956317e+00 3.592800991534051303e+00
-6.773250273233513141e+00 2.366398797748167748e+00
-9.019679608013213112e+00 4.298987951982217837e+00
-4.730786048939402910e+00 5.626161618960651367e+00
-1.048970756721496755e+00 9.608071891535269415e+00
9.228093602625985881e+00 7.010953139625490493e+00
-1.792642247141766010e+00 6.748214843670483631e+00
-7.463619093484043177e+00 -9.904218857927840958e+00
-5.427244337804353336e+00 4.717793761538474406e+00
-3.765077942185870996e-01 3.794077090788624318e+00
-1.910034552835882193e+00 5.666793440944882576e+00
-8.138071172647755702e+00 3.674113431373867922e+00
-6.420207236515288463e-01 8.553425548550475099e+00
-1.753829828553336245e+00 7.783129559899720995e+00
-3.041797751668289251e+00 8.219362076966191921e+00
-2.529584810862768318e+00 4.731184301719498109e+00
-5.193337346002328658e+00 8.332650055741178008e+00
3.835923231025114566e-01 6.980923900711673014e+00
-3.862309988457598653e+00 3.017210084194715591e+00
2.600393743213326392e+00 4.794411951681343709e+00
-9.297578832837476881e+00 3.256292516894949696e+00
-6.857633300951118116e+00 6.586111808098274345e+00
