5.826007809680541882e+00 8.242816661206425977e+00
-6.338614701943539487e+00 5.159449722513276271e-01
5.526658209080913542e-01 -7.352736712186944246e+00
-6.696724600607340427e+00 9.450327242679497530e+00
2.817972393677598664e+00 -8.336022251810547345e+00
1.103070132546585924e+00 -6.354441372224407303e+00
-2.545907427429880521e+00 9.701393414925020275e-01
-5.519405250861773915e+00 9.092617668377418028e+00
8.113414746228373886e+00 8.785451641770189113e+00
-6.008439771581186584e+00 -5.556891724282466249e+00
-6.657349535281767317e+00 -4.353371348856790668e+00
9.144701274331186625e+00 7.252300041969510502e+00
3.692349689221713138e+00 -3.285305275353730181e+00
6.730140652214380736e+00 -6.398483880161200510e+00
9.865754512511388796e+00 -7.122562307441445029e+00
-1.264903186083887299e+00 2.731553599341927985e+00
-8.979147649348895754e+00 -3.044813889870015444e+00
4.988041788337961968e+00 4.686243854794679420e-01
4.155274790809092345e+00 -6.771865037093625972e+00
-1.736569964438420488e+00 -3.356194058269651448e-01
-6.045239963559119190e-01 -9.500995945479722149e-01
2.413870726457933547e+00 -5.593013319945637107e+00
-5.558185088594365109e-01 1.867432960157220379e+00
7.370333747331001994e+00 4.259027358185728751e+00
-9.467644405351691717e+00 -1.472982167641773144e+00
-8.375156392086953616e+00 3.642570189166355554e+00
3.897358684763457148e+00 8.004295855411580618e+00
-1.576850520751382323e+00 -1.773560967661811594e+00
-8.062520240538484373e+00 8.020892058402017355e+00
7.984797247644943141e+00 -7.313496892548745798e+00
-2.404134838455793233e+00 -5.345924168473289662e+00
8.076472875891324676e+00 -5.931923820266403524e+00
3.769659639060689127e+00 -9.288900770861950207e+00
-7.866859941060053707e+00 6.752636697805467492e+00
-3.115206942410287283e+00 -3.341020606453845243e+00
-6.879418338946287292e+00 -6.285225486581433429e+00
2.920058028907882353e+00 -6.609697993795879079e+00
-9.317117736355610802e+00 9.920529328420670367e+00
-1.142567371718217206e+00 -7.052379172500527815e+00
9.200957027813577938e+00 -8.389173749019914084e+00
-5.737862307288573938e+00 1.725791223824793885e+00
-7.895931167346251556e+00 -6.586893403035785077e+00
-3.955494924973192550e+00 -1.337414683341713040e-02
-4.611334904752554031e+00 -9.153576213849850873e+00
3.131191498207559931e+00 4.310280711035036738e+00
1.660651443096355484e+00 -4.693031456307623195e+00
-3.528829230039168596e+00 -9.963568109455595234e+00
-6.163884876548268110e+00 8.412923921467868382e+00
-1.945828342497332719e-01 8.548757138405726153e+00
-3.739676843240494986e+00 -7.367043944580373704e+00
2.605503492930301146e+00 -4.133511952866281369e+00
-2.978468459659880718e+00 -8.432954131377587981e-01
5.389229451986132347e+00 -5.144199445469978649e+00
7.755139251753656815e+00 1.792368520740985183e+00
9.728292100286456190e+00 9.556928000711209847e+00
8.938056182226846502e+00 -6.884390914292804808e+00
5.978556932576480243e+00 -4.203666696846475759e+00
-2.708838517211575869e-01 -6.162437810040166219e+00
6.932071830852886585e+00 7.603494874144546500e+00
7.498576338803671915e-01 -1.188970938272771560e+00
6.217357589845692090e+00 1.039886115845850112e+00
-1.115297524621908343e+00 6.870960689009139033e-01
6.899932936472439771e+00 -8.383063213844028638e+00
9.709430442002020101e+00 1.252605468550201495e+00
-4.292775539504208870e-01 -2.534835552630388289e+00
-5.752139839103351804e+00 -8.397165504452962281e+00
9.229784736215146168e+00 -9.452143004277290927e+00
5.383988226970456203e+00 -5.101105162833582396e-01
6.143964482801901106e+00 -2.979783782405763581e+00
-5.500846584827500330e+00 -9.728642180524538219e+00
-6.876827743852113706e+00 -8.044265979922705867e+00
8.640669123803233376e+00 5.839413821962401663e+00
7.374670610413625482e+00 -9.382008202996503954e+00
-3.697619604031721963e+00 -2.299479796562619249e+00
-9.501101146550327670e+00 3.510957185580590334e+00
-1.125358171238344696e+00 -8.279881909191155742e+00
-9.582650180915289084e+00 -4.867547325213919862e+00
2.129620412832830656e+00 7.253343767715147550e+00
-8.791597500385774921e+00 1.376017797569826229e+00
-8.513551654080124820e+00 9.013764667287514243e+00
3.914104792645240583e+00 9.532137218296295345e+00
-2.560233796508582849e+00 -2.152333724603508358e+00
-6.977989376492494955e+00 6.090034094815497845e+00
-8.328033125100292366e+00 -8.487418872907156242e+00
-6.111311063455197257e+00 -7.016524518451308090e+00
9.420061437833780360e+00 -1.654032043834076759e+00
4.962263831773269906e+00 8.880132320208121044e+00
3.682276057652725809e-01 -5.309473632808900057e+00
3.772762231865554039e+00 -5.717046795783700119e+00
2.716675506494639070e+00 -9.402255841456241825e+00
-5.577258469963318532e+00 -4.574126238176565273e+00
2.756576937071318234e+00 -2.157555827781895363e+00
-4.395343425167432372e+00 8.787239417883348835e+00
1.309186498338958282e+00 -9.540415903491643590e+00
-5.766558872793948964e+00 -3.343023282307308275e+00
7.397205843674536929e+00 5.453565685817759245e+00
-6.183209951189807541e-01 -4.091571392906780069e+00
-2.355787002912717476e+00 2.333071645149333406e+00
-4.610025121282304461e+00 -8.024697862752443456e+00
-9.645927864741979718e+00 -8.393520055511356048e+00
