-1.090183097804047740e+01 3.891482369539172037e-01
-6.027178082773241741e+00 7.296387890373711826e+00
-1.230485853950345465e+01 -5.348277897107061030e+00
8.480487406707247544e+00 -2.041740808790017514e+00
-2.605953735552883899e+00 8.567157508797230037e+00
-2.364097680682016200e+00 7.386813138382457566e+00
3.037305051753596885e+00 -5.776473081900143747e+00
-2.170712177360312467e-01 9.683319331173040112e+00
-5.618013747149493753e+00 -7.886768170884242757e+00
-4.091258988419429699e+00 1.156988481614873976e+01
1.006840317868452184e+00 -6.705455524728278327e+00
-3.216548590365810867e+00 1.243986012211682812e+01
-1.389738452397336843e+00 8.367210431961243700e+00
-1.138762697707249361e+00 -4.987453038402803962e+00
-1.231028239007837755e+01 1.049714200146613585e+01
-2.539112535925916347e+00 1.119238730447567853e+01
5.310952615084394424e+00 5.397829210279196488e+00
2.573409843346386450e-01 8.599822596542185948e+00
3.909062318517655399e+00 -7.885636652191594820e+00
-8.722114796962703309e+00 -1.184629851935758360e+01
8.477028448021100004e+00 1.387233790713364501e+00
-6.803342547359789272e+00 1.683335967241337050e+00
6.619746130703306974e+00 -8.736075208431051564e+00
3.051038156462918316e+00 4.802902609999164518e+00
6.643417195350437510e+00 -7.368843706888393186e+00
-4.204284590258784426e+00 8.665555036442015080e+00
-5.209800108047113021e+00 -9.247651737667480276e+00
7.414314957493544078e+00 -9.368943483828878982e+00
-1.125627970840044867e+01 -6.182740867296441678e+00
1.222094263282951410e+01 -6.967221108236386407e+00
5.641953925470303055e+00 1.192772272310123682e+01
-1.005555230935598132e+01 2.109899453405427838e+00
2.925297891510674209e+00 9.212269681997359072e+00
1.900251815349796591e-01 -1.085183292986403636e+01
-1.069345047333342791e+01 5.027046196778874432e+00
2.902332948511945343e+00 -2.797441060476027364e+00
9.831530145413520216e+00 5.345980728148547634e+00
-9.970753592144879107e+00 -2.826022514778854244e-01
-2.339799567227814681e+00 -9.043811347620754892e-01
-8.994660945029371302e-01 1.189568386353430007e+01
-7.268180734070725180e+00 -1.136024602074506618e+01
-1.200892994450128448e+01 -9.269767349578115656e+00
1.279932579959702110e+00 2.561953087197415435e+00
-5.744675176171788245e+00 5.774085582938611516e+00
1.020004612057055482e+01 -5.877411563838244923e+00
3.100209978751791606e+00 -8.581298778493732016e+00
-3.184116415753020402e+00 6.480556610305473697e+00
5.468556755155751681e+00 -2.938124532657106602e+00
1.218449510245560852e+01 3.395499843458297029e+00
1.127102757939106503e+01 -6.307334648833595736e+00
6.152588887936132345e+00 3.979685311722938934e+00
2.377588368310336708e+00 7.214426720084467171e+00
4.515699115924851625e+00 2.525244899869081294e+00
1.214817547559671418e+01 -1.054042586423522998e+01
-9.423875463105648720e+00 -2.524991577622234473e+00
4.924034872284957509e-01 -7.849975859245161836e+00
-3.914822972014465385e+00 -4.933837562717873659e+00
9.657852505325036363e-01 3.620031667016095245e+00
9.385626018686371808e+00 4.138172774144743826e+00
-1.183428058845350783e+01 -3.839202053898519984e-01
3.112279901113249370e+00 1.183232191128309729e+01
4.675936704627027929e+00 9.457319563497760484e+00
-4.774476996700165010e+00 6.213882299097671869e+00
-1.228851005800299490e+01 -6.627843554987876473e+00
1.038310192323623937e+01 -4.778621417153270379e+00
-8.811065156110354124e+00 1.930972099668830433e+00
-7.615612926918840841e+00 -5.526594178164168980e+00
-1.673340042515106596e+00 -1.259023967078466200e+01
-8.968556150758097090e+00 5.863506471766513073e+00
-1.023794974081674525e+01 -4.278435860838235349e+00
1.126299594501447565e+01 -7.119721753234082851e-01
-2.317387708917555411e+00 5.093840083022111109e+00
6.931393675505668206e-01 -9.340439780356851074e+00
-8.721605797998662979e+00 1.039399061395089063e+01
3.371127794711686665e+00 7.741227184141231454e+00
-1.181002073433132260e+01 8.787516315434130476e+00
3.906569864095184919e+00 -3.700850015705309470e+00
9.034220853772048088e+00 -1.119523573793317439e+01
7.785227168600163949e+00 -8.214520153641503342e+00
-5.850255075859448262e+00 -1.182689397850042790e+00
1.188673381426641207e+01 9.880030377821809040e+00
2.072214296667373556e+00 1.782546421125197900e-01
1.287172276132812421e+01 -9.066124587565123072e-01
-6.904313789631830289e+00 1.081812177018828258e+01
4.562290351598396576e+00 -9.283560331506107488e+00
-1.451257546274200783e+00 -1.578211644375288047e+00
4.449813776145216337e+00 -1.212670255618932380e+01
-1.252124511175787269e+01 -1.022676192836571119e+01
8.778325769868205342e+00 -9.390274809329008932e+00
-2.048919576616448968e+00 4.121438048603176973e+00
5.480341487714295745e+00 2.711865812979271650e-01
9.856212657299936453e+00 1.644615942811064269e+00
-3.498763409809174885e+00 4.606508714287387285e+00
6.905837598913524999e+00 5.551916497390360306e+00
4.161982159848301777e+00 1.251681171365093448e+01
-1.244664490618925967e+01 7.291676726335065695e+00
-8.925272660668474245e+00 -4.495304250987908645e+00
-3.945351020354590066e+00 -5.813313274948672671e-01
6.023555645992131780e+00 1.573050489545627206e+00
-2.331013930518402444e-01 -4.304780883099807554e+00
