4.889488191652931470e-01 -6.997899694998855225e+00
3.694802423457445251e+00 5.125469526204543769e+00
-2.013186514818599004e+00 4.509091161574731998e+00
-6.771120899319500452e+00 -1.690024043796178876e+00
-7.049022275514531977e+00 2.808483799175717888e+00
-1.008188442502984339e+00 -4.506216992547098954e+00
6.051623439336571764e+00 2.986462678598463261e-01
-1.104064482728966068e+00 -3.562368678784842313e+00
4.418844230934490191e+00 -6.637940745363684059e+00
-1.698542805515709464e+00 1.247170927479137381e+00
7.739953983196995457e-01 -5.399123175701380006e+00
3.959984868453537477e+00 7.217647263837635663e+00
-1.382848876198807808e+00 -6.050965718023482154e+00
2.415213932450158918e+00 5.650429885689196574e+00
-6.945521158191763078e+00 5.570319930459329605e+00
-4.937755499238679846e+00 3.462122148641385788e+00
6.783878881918292691e+00 2.876080753929064482e+00
-4.409458994104634044e+00 -1.630620052934931064e+00
2.897531534142190779e+00 -2.584442245432962082e+00
5.518142493874320209e+00 2.911077543700169468e+00
-5.456837016113535554e+00 8.663658747682757566e-01
4.777099655048893112e-01 1.059117490921551274e+00
-4.724556234400965948e+00 -7.111015434915235467e+00
-5.440232785578634100e+00 2.556091078074679945e+00
-6.343714004366945325e+00 -4.915170680827600336e+00
-1.829480075788529669e+00 -2.783606615877727286e+00
-1.878530333727430335e-01 -2.144193995766074945e-02
-6.694115233214713356e+00 4.259404561279679591e+00
7.128914665266230521e+00 8.686908793322459799e-01
-4.944506186666205672e+00 4.934170667947629596e+00
4.791648462018430199e-01 4.718462247762837514e+00
3.422560241031488815e+00 6.408345127593681134e+00
5.439998457608017368e+00 -2.512796884865190705e+00
-4.002735910222980920e+00 3.283074920582171430e+00
2.798245078942966035e+00 1.459448645967337255e+00
-6.655984809362770704e+00 -4.138428164429607814e-01
-5.954851505719362059e+00 -3.954044578788210362e+00
4.428465755193753850e+00 -5.112442244638902622e+00
6.947360449179570629e+00 -2.388461431797341827e-01
-5.932075603723954593e+00 5.065780400322450028e+00
1.555077423699056771e+00 -6.485713060642988914e+00
-6.277860053855880196e+00 7.049573472188176204e+00
7.187969656917217343e+00 -4.795833856263939765e+00
-2.433369533144944530e+00 6.349518248763572181e+00
5.638790133344579125e+00 -4.925788217137514913e+00
-5.313806723223860828e+00 6.107924286161092731e+00
-4.147532206215447104e-02 -3.951913857206079239e+00
1.488957913044602233e+00 1.442790704923054612e+00
-3.606626013516509577e+00 4.808089887684818819e+00
5.451229185438164926e+00 -6.950031060774075620e+00
4.816005423785499673e+00 -8.880841218585837360e-02
6.575579322195044263e+00 -1.098523338724534781e+00
6.484017261140698096e+00 -3.140081124784458222e+00
3.407912569540243908e+00 -2.383746325379186570e-02
-9.004914279640655606e-01 -6.895273042608820013e+00
4.553979161357720074e+00 9.375766045619513545e-01
2.794207647257813676e+00 -3.776549819607537994e+00
-3.047673165040978738e+00 -5.094069966731184174e+00
-3.229808449337255194e+00 -2.027735723557430703e+00
-2.203921450816565653e+00 2.287964175174333370e+00
2.185664485200057516e+00 -1.321276922088948425e+00
4.780839846791617553e+00 6.658079428210083250e+00
3.806777509765174372e+00 -1.255574650097277756e+00
-2.764721683418023712e+00 6.385874448277816251e-01
-3.717336049760552541e+00 6.794025029605863075e+00
-6.802070067579115253e+00 -6.778857049508762778e+00
6.718332855664432834e+00 5.669715705761532831e+00
-3.549322026778108707e+00 -6.028291279098872302e+00
-2.226192616510846101e+00 3.295850592324061079e+00
3.497227524344493244e+00 -4.803844828189541616e+00
-3.926612733951039047e+00 5.723747198947457093e+00
4.931618392482350899e-01 5.907693406371957501e+00
-7.375272705461216383e+00 1.866079688446096174e+00
3.677927111758651502e-01 2.260850314736696731e+00
-3.124541728950228636e-01 -5.232742708943988852e+00
2.623713356113309025e+00 -5.820685365843321968e+00
1.956918885589424395e+00 7.224575444178355177e+00
5.202319374346780378e+00 -3.868217960775763853e+00
-1.140141355681958624e+00 2.223399665503769995e+00
1.669343984024427519e+00 4.948938349585925600e+00
1.312588206039092764e+00 -3.082079155734755105e+00
-3.754308505457159661e+00 -4.005612502512869710e+00
-1.691211214277537067e+00 -2.224872796889867943e-01
-2.473508998423313288e-01 7.032055155401955027e+00
-5.438178398612303788e+00 -6.808544105160814208e-01
-6.347905758234398732e+00 2.102017005510409042e+00
4.048076736435024081e+00 -3.913109502366667325e+00
2.488538412615024953e+00 2.982286188354507761e+00
-4.542083450001537237e+00 -6.069409173684321424e+00
2.448234168784801934e-02 3.501934472433684054e+00
-1.614266481442775181e+00 5.498643006212891038e+00
2.678893196926089182e+00 4.127771984138368211e+00
4.639170935834569853e+00 3.845030716959515260e+00
-1.042626488572238053e+00 4.240693630586669371e+00
-1.344958443366053968e+00 6.594005483310073856e+00
-7.253658226665097963e+00 -3.768538633541220317e+00
-2.466581027237786106e-01 -1.156133226307663353e+00
-6.596462224303334843e+00 7.198538399156640955e-01
4.038435863515828395e+00 -2.906371852529108679e+00
-7.451591647896029791e-01 5.825922487973859809e+00
