4.325272186255708640e+00 2.332601098987718835e+00
-2.015020329110058572e+00 5.909124561477697490e+00
5.611750953507263162e+00 -6.296866470131379678e+00
-2.649330795658385806e+00 -2.204057762373759388e+00
-6.943544643289785157e+00 4.813372050149779646e+00
4.530630261368219891e+00 -7.877252482812532541e+00
1.237699538957363510e+00 8.083523758996387087e+00
2.256719896325146468e+00 8.757255650695465743e-01
-5.972575294595236173e+00 2.894829771554174869e+00
1.811712463504478343e+00 2.759466937942307574e+00
8.313618835017958730e+00 7.177133413906622295e+00
7.658408248747982761e+00 -6.431817106215876656e+00
1.717192407209726657e+00 -4.300891094898894096e+00
-3.434267531778484539e+00 7.253149744042955760e+00
-8.283618372965344534e+00 -1.792031579388396523e+00
-3.660589205322296813e+00 -7.599960569622168371e-01
5.669831977617135976e+00 -4.006107997641241703e+00
8.064275940163389222e+00 -6.144756108549807028e-01
-1.621555431811746883e+00 3.634771697062257889e+00
6.134520344939483394e+00 -1.135520786638134272e+00
-7.969545958678937225e+00 3.033766760193616352e-01
-4.423790234921963105e+00 6.998578643114762521e+00
6.600700344520042506e+00 -8.450288123832772058e+00
-2.650040404970151808e+00 -4.431302393325521116e+00
-1.316720792823312891e+00 -5.043831562715562100e+00
6.679840612854970772e+00 4.581259768300145474e+00
5.561800517840399749e+00 8.407924876444734963e+00
7.109157007128403372e+00 7.358557010156985712e+00
-4.647451751309517931e+00 2.385834388539930018e+00
-6.280593324510404862e+00 -8.140540259518930455e+00
-1.315789195753087837e+00 5.011127397972707342e+00
7.773198256485959412e+00 -2.895895646433081172e+00
4.984325341606882231e-02 -1.271394336496303179e+00
-1.176428336206210457e+00 2.670054859180175377e+00
-2.840266459566512580e+00 -6.862213928368909421e+00
-4.267059639299201734e+00 7.982227073869201384e+00
-5.351372239091672256e+00 8.245000094125606083e+00
-3.666909700463448996e+00 2.915957501535121121e+00
5.181815641347906620e+00 3.657681244752273297e+00
3.772675600170886323e+00 -1.837808788049251074e+00
-5.746767277525487216e+00 3.737127915929407962e-01
-5.965498808497220473e+00 5.131548351891986215e+00
-4.442750014940213710e+00 -7.786193430861091613e+00
5.800935707155953303e+00 -7.447397511664477499e+00
-2.409774893551378305e+00 -3.332235029573965779e+00
-7.539384621035082112e+00 5.706520010299563239e+00
-2.520503217245182004e+00 -4.380905818339198010e-01
-6.229807622620157304e+00 -1.362514546601443444e+00
2.907312199164806543e+00 -4.339262336000529352e+00
-8.790307079589708694e-01 -2.197407097196874215e+00
-5.472483649806149764e+00 3.808818576782179388e+00
-3.120570619005190949e+00 7.796481482209915992e-01
8.441288020488661559e+00 -5.072110539370138227e+00
-8.344943270056370821e+00 3.918662194096532492e+00
-7.035890887579916431e+00 -2.093671417521976608e+00
-7.482595749642478644e+00 7.138502987421511570e+00
-2.570769806231495203e+00 4.969363384607132339e+00
-1.961366120688151193e+00 1.578293655711672461e+00
3.250524104836521655e+00 -6.342763172081442136e+00
-3.724076680703134468e+00 -3.415036343446926193e+00
-6.771926772140242079e+00 8.133179715806908572e-01
-9.556145414243183422e-01 6.573120543805812233e+00
-6.885804728271753827e-01 -3.264650145670490833e+00
-6.725901637779317710e+00 6.467993353256649591e+00
7.481614995338800256e+00 3.621686476038215474e+00
-3.806289505973385889e+00 1.664074140300373816e+00
9.498423330518468433e-01 7.006849749596508303e+00
1.351006416309646019e+00 -1.001541005931095629e+00
5.903867598148826445e+00 5.411490840150714021e+00
-2.347169805987905811e+00 2.801357296711725731e+00
-1.609158595684917481e+00 -4.001135923132683736e+00
-5.481535464321025675e-01 -7.245165621752359897e+00
4.596810716198520552e+00 -5.246452589777398146e+00
-2.376687674023620023e+00 -7.751253549347228322e+00
-1.997528245300796090e+00 -6.095549513156278465e+00
5.773144021897904654e-01 4.252785410893318740e+00
2.600900626932786119e-01 -8.077538517627061765e+00
-3.415093227035179702e+00 -5.618259879581533944e+00
8.212307339242746806e+00 5.131155065307743790e+00
6.672206192309961814e+00 -1.665532103801330710e-01
1.626236327890338840e-01 -4.429494968840986147e+00
-4.517377120393192058e+00 8.605301400754246099e-01
2.184106403011728759e+00 -2.957134219737905134e+00
6.623639222316894504e+00 2.108163381461298336e+00
-5.882397280070320811e+00 1.733880527133293326e+00
-1.569602752733907924e-01 3.421735232584659059e+00
3.689940778938325394e+00 -3.187031730314427769e+00
2.432704805407849502e+00 -1.619640668044181275e+00
-5.091221256387895799e+00 -6.182798090840681660e+00
3.193202941199063005e+00 7.819586525864099968e+00
-7.264606836726212435e+00 -6.009829988445792859e-01
8.674297467011868878e-01 -3.735406015722127382e+00
-4.720729024549439323e+00 -2.962660495505405334e-01
-4.708592435503438978e+00 -2.809473437016683395e+00
-3.453090269750068941e+00 5.757529486789262130e+00
-6.978943301411187683e+00 3.816219168949234852e+00
4.287469931920202981e+00 -4.292158494301919980e+00
-4.170079126848781570e+00 -1.997493124552428334e+00
-2.179884475855382586e+00 6.961153765083820666e+00
3.375855741316547753e+00 -7.485109558349360093e+00
