2.901777622843283666e+00 -9.275923747310023115e-01
-2.929893823401512165e+00 -7.393636912130218342e+00
-1.233245386343903016e+00 -1.757304692413802494e+00
-6.168189454148053308e+00 1.025375663243156410e+01
8.900667205133878213e+00 -5.962061187052669631e+00
-9.489406493632484896e+00 6.054300523026252101e+00
-7.249943149883174343e+00 -8.758003337334634431e-01
1.073836268311380238e+00 -6.268537475326190211e-01
-3.971095504239161134e+00 5.589440205315466592e+00
3.556056880325655367e+00 -5.532586581438036610e+00
-2.620457133720228704e+00 -1.057642693401689593e+00
-3.764852571712646867e+00 -8.390683755345174077e+00
-8.256236529589923379e+00 1.794021279312350892e+00
9.079573044744360999e+00 -7.505739141424208505e+00
8.204174908415097223e-01 7.353363959638338443e+00
7.815553641141141483e+00 2.291312849690736453e+00
-5.222940376656365125e+00 -1.198965387678087025e+00
-3.660305564997261563e+00 9.789694504000648223e+00
-4.049022147534951932e-01 5.475354081905012826e+00
2.593403497978545413e+00 4.237232597320510941e+00
-7.540428820626671857e+00 -9.885050239333411426e+00
6.170174807685887330e+00 -5.576681575249423872e+00
-8.900790226518942916e+00 1.009758666561408624e+01
-8.668385458759204631e-01 4.507165243682083933e+00
7.155472992132939858e+00 -1.426016868720352271e+00
5.734404825968589137e+00 1.138929039551349165e+00
-3.040594483441528162e+00 -2.115089302391660375e+00
-9.932933211268221152e-01 -3.799861505264478190e+00
-6.692489644673961457e+00 -1.056800268250938757e+01
-4.175016600820324886e-02 -2.901031204812106079e+00
-5.902890202265661301e+00 1.680882403980415774e+00
-8.579565834938653879e+00 -2.712633747209017621e+00
-2.150929666807739782e+00 -4.517412877245557290e+00
-4.230727540978078238e+00 -5.144702274324396640e+00
5.382488427289652044e+00 7.118377353509180772e+00
-8.574598220624544354e+00 -1.482167025217393963e+00
-9.786505054549543559e+00 -9.199947068586505239e+00
8.027911487877176455e+00 -2.316477827463681027e+00
9.303720598901980665e+00 -4.290021845369531128e+00
-1.101739072972154609e+01 8.333769653338583439e+00
-9.731963609949213279e+00 3.580253879017526675e+00
-2.329985690027433165e+00 1.791121698718778632e-01
-2.102118532872395029e+00 9.939393615835752982e+00
-1.075865454382167030e+01 4.690669574151502097e+00
1.041612985922266787e+01 3.415484472386196124e+00
-1.848597561008676227e+00 -3.233142805221361993e+00
-3.030939965719216533e-01 9.847654966802416254e+00
-9.556065196020028907e+00 2.098159844508191707e+00
2.112230123511320112e+00 -1.071988877112862504e+01
4.687422256563707812e+00 7.888986874272923444e+00
-8.298118163788476664e+00 3.617987884174597379e+00
9.566188519703931803e+00 -3.946270844274795131e-01
-6.109395321813821944e+00 6.367813330459297205e+00
-1.088952141798993623e+01 6.319831313995091016e+00
-8.788954733568424160e+00 -9.821700840953779377e+00
6.588944722385043029e+00 2.000545178474407049e+00
6.183693526830279730e+00 -9.388096051496601646e+00
8.116814860677033394e+00 3.391455422246978824e+00
-1.073691536415769399e+01 -3.599592443256364405e+00
-1.340399861767926026e+00 8.739479129815077130e+00
-9.633964033600014076e+00 3.997540875135086047e-02
-9.185571055007793362e+00 -5.352630327820300238e+00
-5.134817960502794598e+00 6.055603212645014999e+00
-1.636040254227241642e+00 3.428596845433522056e+00
-6.545778488798162265e+00 2.886807001703091125e+00
9.274529997872033249e+00 1.063179950378668792e+01
8.883905446512571302e+00 -3.127863902805819940e+00
-7.797533946705255126e+00 -7.739542190370461761e+00
-1.618309491212656659e-01 -8.217564368056025970e+00
9.742377897378651230e-01 4.824834127288461616e+00
4.895833052100040383e+00 2.854020218829734556e+00
5.994197703879420303e+00 8.845217727062033575e+00
-4.467142781614567681e+00 9.099357789275538622e+00
6.737296399324843588e-01 -9.960249989788760416e+00
3.768762180312011267e+00 1.063365185066846763e+01
-5.466354066830212410e-01 -7.190521362308283315e+00
-7.327240080389771926e+00 6.355200463593524418e+00
6.185237152519422743e+00 3.567902402698939213e+00
-9.765399307580335808e-01 -4.969827465244940790e+00
-1.092893163260106881e+01 -2.070123580181593148e+00
7.836930271917746715e+00 -6.555905390181226089e+00
-7.768335425827723739e+00 8.904879643767921849e+00
-6.675814143102696718e+00 7.795611868795734867e-02
-5.619171953330590163e+00 8.788321355468902141e+00
6.681185223507128512e+00 6.887092185270527800e+00
3.313956193309502751e+00 5.059171534972612960e+00
-5.460180884627718001e+00 1.107854140494315409e+01
-3.595471220177246963e+00 -4.285581455973217047e+00
-9.922023417916093990e+00 -9.093585155764314365e-01
-1.093206365853308348e+01 2.676669364424125952e+00
-9.344185661888566585e+00 7.312209783863887758e+00
2.469754050626178810e+00 -3.223516572002002700e+00
-8.202014564969445587e+00 -8.954781762498674524e+00
-7.190600494686256283e+00 7.553107785518584194e+00
-9.220091706195778780e-01 2.157737108561524675e+00
1.222591332263413655e+00 6.133034181322211786e+00
-4.925284652782162986e+00 -8.216219583608307175e+00
8.470782531641759761e+00 9.993429063416661151e-01
7.931118222268424001e-01 1.101580316884472488e+01
9.559372181876330643e+00 8.130551973526920495e-01
