-5.106707503497008638e+00 2.679972983062977043e+00
5.076340731356044245e+00 -1.663137312085690045e+00
-2.120621106657127442e+00 9.092405925791863242e-01
5.978295985560161618e+00 1.904570759717420625e+00
5.704365519602610846e+00 -3.791250600371351531e+00
6.231841503703794416e+00 -6.962891067513137244e-01
-2.510673331228006511e+00 1.877782369288001796e+00
-2.074733140925341335e+00 -6.982229927689056481e+00
-5.399469552620741020e+00 5.754488231613645866e+00
3.523076535951437105e+00 -4.702395892571459513e+00
3.113123220649510969e+00 -3.254883696593156461e+00
-1.901638219967938470e+00 6.152562216895145930e+00
-2.302916486372406535e+00 3.105020061643382512e+00
2.698616887848376944e+00 5.974147415162811114e+00
5.481860873067043727e+00 -9.065336695220580984e-03
7.733279227186796945e+00 -3.936487668734097056e+00
1.963258798627201651e+00 -6.040021945904453515e-01
-1.836321148133322367e+00 -5.191147843290362829e+00
-6.084577416301732988e+00 -9.216997434124512001e-01
6.309218620712864656e+00 6.900613157363799655e-01
-5.413784774775873387e+00 1.366431618257325953e+00
-2.982448955167699811e+00 -4.636108725970872868e+00
3.537308867667585677e+00 -2.053432843056463231e+00
7.826277251308646932e+00 -7.272352334334365231e+00
-1.802186989438752551e+00 -3.448058354724737651e+00
6.996327242051021855e+00 3.734870718204068130e+00
4.619803580358743389e+00 6.501719972405189729e+00
2.212329605738461602e+00 -3.670304007147077385e+00
-5.853479965147451836e+00 -3.423560034836571120e+00
1.078529105795042575e+00 -5.751075709393988156e+00
-5.213386531390129086e+00 -2.550166393967641998e+00
6.870914050434770992e+00 -3.225267584140236732e+00
-5.796540612162806028e+00 -5.181250991208427692e+00
6.628248064718687438e+00 -4.497641895572045634e+00
6.023697513381944368e+00 4.153170261609711034e+00
-1.624584812829803049e+00 -3.096740727304233415e-02
-3.329052338925382326e+00 2.945738413884148699e+00
-7.541184477576095446e+00 -2.255228050549980545e-01
7.568970386177161780e-01 2.548887941044146732e+00
-3.271965148086399822e+00 -7.228158646218627581e+00
-6.655092033667772355e+00 7.083053330145245852e-01
3.315021979840481414e+00 4.900085395263081844e-01
6.661809648147185570e+00 -1.747378500445249339e+00
-7.209870150099898289e+00 1.694173168113349393e+00
6.924613237587751158e+00 6.678976318444556526e+00
6.702452606725493034e-01 5.831222975583862933e+00
-6.490130724163718945e+00 -2.410065621728022744e+00
5.092182771352384840e+00 2.934381948059918255e+00
-7.591119134089123754e+00 -1.655778434148972744e+00
-3.551845483651894231e-02 3.901471708042510755e+00
1.098387567294737854e+00 4.731229797532529702e+00
-7.571467864424395344e+00 6.254506007796471145e+00
-5.006119168979441092e+00 4.674793279755499853e+00
-4.961155617315278654e+00 7.749783056571875051e+00
5.081825817014343549e+00 -4.780719966108238239e+00
4.935525443447812854e+00 4.546519942893726629e+00
-4.198815684366429046e+00 4.183578960827026849e-01
1.155611138567739449e+00 7.546680654276494149e-02
-5.073676231153996241e+00 -1.118481667170486027e+00
-6.329933868336879321e+00 2.069396999630063849e+00
2.685783932802908058e+00 -5.482045623365319642e+00
-7.740211788639678181e-01 6.344274646185750655e+00
4.507678942976516723e+00 4.016933480688079650e-01
-1.601078070935200381e+00 -1.071857718113940372e+00
4.253877404281053209e+00 -3.546768120098814592e+00
4.689651050863774095e+00 -6.895329241914777141e-01
1.094331250025132540e+00 -3.748175256786768994e+00
-7.083355103592601232e-01 -5.281203011135624514e-01
7.847863962257518367e+00 8.554455173185863126e-01
-2.305187941418529896e+00 7.510992785182550868e+00
2.744447550441495576e-01 -4.543400736189276756e+00
-5.087980520593464728e-01 2.711286726620068421e+00
7.483936638877336733e+00 2.271098519403842886e+00
7.755240456403280636e-01 6.966458318882961187e+00
-6.090336062220980118e+00 7.796090738482716276e+00
4.242181156247520235e+00 2.064711269765429513e+00
4.039880982115875874e+00 7.553301386642741200e+00
-4.068835337125976892e+00 2.125610209744807744e+00
-5.005969815607652862e+00 -6.650284974441526664e+00
-2.358241789866121429e+00 5.045893298945122396e+00
7.816873961667518411e-03 -2.202195933596120092e+00
-1.009958963113022801e+00 1.168672350801031490e+00
-5.883182564051920860e-01 -3.324862606790577324e+00
-6.839235820851472525e+00 3.288898509263161518e+00
1.699223011706503472e+00 -2.693464530856918948e+00
-7.147380124321630390e+00 -4.479617665381647740e+00
-3.474227404251061913e+00 1.225383837683980737e+00
7.452195058732667299e+00 7.557659402420117800e+00
1.301565935501084681e+00 -1.619018015132993593e+00
6.247076213739251926e+00 -6.814349169342070134e+00
-9.739709634516025005e-01 -2.331554234640632384e+00
-2.596449728939318025e+00 -6.157545612025113968e+00
-5.500373242608025404e-01 -7.233643825591148158e+00
-5.658282331828830003e+00 3.695269943667202295e+00
-6.327951901465787010e+00 -6.071631229351421410e+00
-4.363672775222146250e+00 3.709621900479223022e+00
-5.163993004695659472e+00 1.667235064650827159e-01
-7.730890657572412117e+00 3.811886907053806173e+00
7.407907513254942344e+00 5.293237450371623964e+00
-6.238418599238019224e-01 -5.152832022684896707e+00
