-4.506975338835212952e-01 -6.840170474713164417e+00
-7.335968852812264629e+00 -4.351930710412501568e+00
-2.156380553696033431e+00 -5.797209963224294604e-01
-3.309533406822197765e+00 5.869871814809665800e+00
-1.144958554802061546e+00 -1.112822550333357752e+00
-2.231045945730474322e+00 2.379643498963642134e+00
4.058925141966238215e+00 -1.678425479053551994e+00
1.142206911052538132e+00 -6.247752863694413072e+00
5.100756247878678984e+00 -7.064480066310567352e+00
2.075915641645606602e+00 7.203373140729721236e+00
7.781685470789801329e+00 5.285201716645699044e+00
3.092676166287897210e+00 7.878877379365743394e+00
7.490719761725112003e-01 1.320133179250680300e+00
1.212847206766491270e+00 -1.972042551168796898e+00
-4.194141804864143452e+00 -7.502710171715703424e+00
-3.114286573665511426e+00 -6.060973976249687034e+00
9.332334687909721316e-01 -7.261739938671263772e+00
-1.025306001057137317e+00 8.196075938348279522e-02
4.124751708955884055e+00 -7.475594003872601867e+00
-1.105584044400498511e+00 1.618582162830670912e+00
-7.007105587290353377e+00 2.592926818591874571e+00
4.621547747212957802e+00 2.040734406572008552e+00
5.592888780914105240e+00 3.805384159143861300e+00
-6.508727024194322475e+00 5.927392563521089563e+00
-4.106350193243804014e+00 -5.591220376307597384e+00
6.480419778639900485e+00 -1.956909526174501979e+00
-3.024381905563322093e+00 -4.804446877515083258e+00
4.408988117021958253e+00 3.963693928130910038e+00
1.629463332945539633e-01 -1.116108820334708041e+00
-4.650076638658110495e-01 -2.024858439460910819e+00
-2.501697890696038540e-01 2.286287026451314652e+00
5.711990117264591049e+00 -6.141735619023418913e+00
-2.368606567408773955e+00 -1.670150998117602592e+00
-4.260479263497859215e+00 -1.458192991296646035e+00
-6.336006005924232909e+00 3.381544833386719517e+00
5.160125880541343690e+00 4.859143644957552688e+00
-3.202080188754101275e+00 1.713484091202862603e+00
-3.327083808506695828e+00 7.053789302872257139e+00
-6.252637164158413086e+00 4.877334388615373939e+00
-4.110625812111412536e+00 2.240778405293254227e+00
-3.686343115825317263e+00 4.585071467953202529e+00
1.326008250074581118e+00 -7.602172592552864927e-01
6.303626288712947279e+00 -3.955774576157875089e+00
-1.508041192209482517e+00 -5.776952836761893195e+00
2.064963643327885734e+00 3.667394019697570950e+00
-7.885875416263726123e+00 5.537609517109961521e-01
-5.303301693295513708e+00 3.879610160114082884e+00
-5.219294915218970488e+00 1.549895384811516230e+00
2.159223822900139922e+00 -6.939288273930983131e+00
5.881951682575605744e+00 -1.039000559070837548e+00
-7.343717958270764790e+00 -2.961372459224222098e+00
6.374794570632963620e+00 4.646144654741916291e+00
-6.273394107038921419e+00 -7.298911479513884304e-01
6.798651640236337279e+00 3.439938353400654236e+00
7.464847489249252455e+00 -2.975106084234662607e+00
4.716862291700180343e+00 -5.491104805510647502e+00
2.228261016951523121e+00 1.746490783147643944e+00
-7.714620584237313672e+00 -5.329532188312459340e+00
-3.234167613380856565e+00 -2.651305584454150210e+00
-1.066295018367655612e+00 7.837366257894096577e+00
4.674975791532549607e+00 -2.762961915856937178e+00
1.421784981797100944e-01 1.503934510494783217e-01
-4.050152661512742003e-01 4.396542107013490686e+00
8.464265428220466014e-02 -3.062490588901447097e+00
-1.266904867478575891e+00 -4.741995272512896875e+00
-4.286729615036162677e+00 7.222510988816929434e+00
4.713540475228158222e+00 -8.343913365422410688e-01
-8.479562713852042410e-01 -3.831912047566558233e+00
2.855574854594323142e+00 5.928575741650552899e+00
-9.503445068518705519e-01 5.496738030355770022e+00
3.683664479048288865e+00 -2.983161374883476658e+00
3.173358608460524977e+00 3.149885359540438579e+00
-1.981196719928913108e+00 -6.941238706419206039e+00
3.393293449713307819e+00 6.072283697319775797e-01
3.343169900000481753e+00 2.078581671773287454e+00
2.512655570273953851e-02 -4.935584139543283122e+00
-1.982174767656100789e+00 6.562190424556701984e-01
6.148987944560890817e+00 3.857935234340718611e-01
1.367099369597016834e+00 2.615438004461763555e+00
6.234602721854479057e+00 -7.174794885406413414e+00
-5.233363022197462300e+00 2.771636943911029771e+00
-4.426490108026027492e+00 6.195982090098797634e+00
-1.381586492831236690e+00 -2.391239510579076910e+00
5.390898925291054411e-01 5.757878659133139010e+00
-1.597893886806846631e+00 6.358761048011421835e+00
-6.547485057918629892e+00 4.560511209159781032e-01
7.681399548431175006e+00 2.874764125933941816e+00
5.938918199210538873e+00 2.192652559700326798e+00
1.099143824462518682e+00 -5.138013341690434110e+00
5.256213195891312751e+00 1.221814493698810011e+00
1.346976603113751114e+00 4.471206497143480618e+00
5.372171895781182371e+00 -2.033274567529252952e+00
7.435682370458940760e+00 1.590362955203024509e+00
-2.367201019094137493e+00 7.630098243745861986e+00
-2.612355641872624368e+00 4.614217259654643577e+00
6.776161870208763816e+00 -5.783646604230139765e+00
-7.852075741860897296e+00 6.435605272222826301e+00
-7.149302299040487974e+00 1.470737198819507263e+00
-5.246273894957429462e+00 -4.961520635968777349e+00
1.042882261631007390e+00 -3.983175866374165430e+00
