-1.007642081623773755e+01 -9.331165174942167795e+00
-2.345349806580695695e+00 3.859697036462035769e+00
-1.331241780472565139e-01 -2.086505663586490922e+00
-9.251630439275102091e+00 3.328075688326725956e+00
-3.129845236753332482e+00 5.719492683327823679e-01
4.155639314226704073e+00 5.718231728447517703e+00
9.695878945243421754e+00 7.877572806292850061e+00
-7.712255129445455992e+00 1.036023815489987498e+01
7.288503383491923948e+00 -8.481371768116822807e+00
-7.174624358667594848e+00 5.276801309780969618e+00
6.090425006810029629e+00 -1.011190202872368360e+01
-8.315939190005542159e+00 -1.081807386612547717e+01
1.067986145553919641e+01 1.571623319957761167e+00
1.098683172079011783e+01 -8.364487921793653413e+00
3.814722860685380024e+00 -6.157687463606657197e+00
-2.102309266419829292e+00 -1.023004397369707519e+01
1.722069023646134012e+00 -9.926956705271074100e+00
8.325025019519012304e+00 1.073690636927030084e+01
-5.726579504987403091e+00 8.584468752165765437e+00
4.970028405933637927e+00 9.229359548061220053e+00
1.928752991686192964e+00 -7.536051526103114462e+00
-2.990943220392987989e+00 2.155342420018555138e+00
-9.098870892574870695e+00 -5.250999846115074199e-01
-7.552652847069681208e+00 1.271415528473849976e+00
6.235745863584122972e+00 7.171286407525554019e+00
-4.051765885661801070e-01 -8.196197515080257290e+00
-1.606789186426633043e+00 2.057546378578135826e+00
-8.648531373477538864e+00 6.510623003540984000e-01
9.463674329742406854e+00 4.274749016199546503e+00
8.260469212969013597e+00 -5.866943334931344900e+00
4.538621655971787128e+00 8.965093443879104118e-01
-9.068521149716475271e-01 -5.849358448316802850e+00
1.075723051478998471e+01 5.075404217839428078e+00
-9.514165085896722829e+00 -4.447856154772140691e+00
-8.326031823945363897e+00 -7.554477793327199819e+00
-4.917216378447313296e+00 -2.367495028365618648e+00
3.264361823977279364e+00 5.095223071710048401e+00
1.429614960330931384e+00 -2.531537909513922990e+00
-3.728496006444419031e+00 3.229225704869906899e+00
-2.181599858233714162e+00 7.178627711100314279e+00
3.910488957784421071e+00 -4.893910539827698969e+00
4.641228520708737371e+00 7.038556566995171515e+00
5.006709161803006403e+00 -8.483806373038627058e+00
-5.942494389910519814e+00 9.936441316596523521e+00
-2.832224442643128448e+00 8.537871436606838671e+00
6.130024960379074628e+00 -2.879163186945370878e+00
-3.072768681680730918e+00 -2.240550698626534665e+00
-7.924803720234216975e+00 -2.566498391871600226e+00
-9.870434395892562662e+00 -1.053205526264589587e+01
-3.491670564250929587e+00 5.245045471238192647e+00
-1.120771358467402834e+00 -7.156316471857588901e+00
4.473584072237682285e+00 8.007604688523516145e+00
6.377503025879742715e+00 -4.263059236684216380e+00
-1.819405870874653441e+00 -8.141330045386391490e+00
1.048166498207143249e+01 -7.273191134444917161e+00
-1.048659125821055582e+01 -1.469474033920274536e+00
-1.680748382057692392e-01 7.562693704514678039e+00
4.047125211624168273e+00 -7.635452402222912660e+00
-2.069877491572998107e-01 -1.377573456796490348e-01
7.541005242986114077e+00 9.821054158700070147e+00
-9.794792079064682966e+00 9.479403762198133521e+00
-8.219982934612357184e+00 5.737323424504539915e+00
5.035737095961390963e+00 4.838954680075111092e+00
-5.076745945302776342e+00 9.373940685303530529e+00
7.248524826549604505e+00 -5.264396722689858699e+00
2.006597569148553362e+00 2.977004177407791108e+00
-8.810544570111110474e+00 -3.139087912343772935e+00
3.697742588594111091e+00 9.628824986788705687e+00
9.773429336071641771e+00 -5.681839623079103951e+00
-3.860375707361561659e+00 -3.130234867143121047e+00
2.195777763352302792e+00 4.790730932149243060e+00
6.922311481573030001e+00 8.623001912569582927e+00
1.011101365616081615e+01 2.846660154756189165e+00
-1.030989616187788904e+01 2.524408485890925036e+00
4.460467426302336058e+00 -3.577095918224483029e+00
8.619698880999315804e+00 -1.044609039004953388e+01
7.408883448280509043e+00 -1.099976244609438147e+01
2.857305477085021028e+00 -6.727250223673390650e+00
1.783742435235805335e+00 -8.584015136576402583e+00
-3.920530453992025599e+00 9.447422039015380690e+00
-8.834368733572556920e+00 -1.467981702180729098e+00
-2.607615367911659376e+00 1.088410884720651239e+01
6.337223762639866642e+00 1.101027040103456223e+01
-4.169491106828211890e+00 2.169311508991320081e-02
7.533924436696368687e-01 -7.995353804725932712e+00
2.907605452518983391e+00 7.758997752938021186e+00
-2.447297998092183846e-01 -3.396035533246474891e+00
-1.213208804279966246e+00 4.804225071799735680e+00
2.276222721255939163e+00 -3.750117915503802912e+00
7.003419320202961096e+00 -9.731823892038141466e+00
1.055463631259065593e+01 -4.922716347664497505e+00
-9.125021346529852195e+00 -8.312747420242796892e+00
8.512338493601681044e-01 8.593285572696439667e-01
-2.193924600626888655e+00 1.163846550736069574e-01
5.169551193712209169e+00 5.972624502724384499e+00
-5.626413688570064409e+00 6.917425358474709185e+00
7.610244161869511359e+00 -6.744644767659393025e+00
9.446507975580887617e+00 1.158085787489992136e+00
9.987536750188934498e-01 2.238232446921005980e+00
7.298843742357663089e+00 6.176681134441881049e+00
