1.940156121872557149e+00 1.084819579943074874e+00
-2.019709333507024418e+00 -1.552543937159833742e-01
3.558623163194687855e+00 2.076355828117555813e+00
6.546829041309367270e+00 -7.597805717669616765e-01
-6.938988873076046282e+00 9.720553723242664201e-01
3.047166648367793940e+00 -5.276018713796687187e+00
4.228771123969469414e+00 6.764834648721310018e+00
1.764266039228191918e+00 -7.104503973019907548e+00
2.150891634693711474e+00 -2.537135848782725134e+00
7.817327272666611648e+00 2.775371352804784753e+00
4.092404286673382074e+00 3.254641298764216373e+00
6.155370483356991329e+00 5.268168181360567415e-01
7.458823517479676646e+00 4.998222357133330185e+00
5.261842826641173865e+00 8.359393562727214233e-01
4.799545362931439740e+00 -4.132963982788433022e+00
6.120074755370333186e+00 5.873708064318598154e+00
-2.395688072598205043e+00 -6.975829553180264320e+00
-7.639274231611440591e+00 -2.237089540221335771e+00
-1.503492245822325213e+00 -5.072420994926709170e+00
-4.188600986764165590e+00 -3.051127474328712008e+00
4.161492406669799138e+00 -6.845668956888217416e+00
-3.303553375693590421e+00 -1.824618624417376767e+00
-5.877809301276991860e+00 6.013413431138259213e+00
4.927864063768523373e+00 5.367309249893113865e+00
-8.381233643312031134e+00 6.227756205319768590e+00
6.731530214668657308e+00 2.129330146556637882e+00
-4.574462390882556129e+00 7.297763363014809102e+00
-2.269243526616801621e+00 -8.131630289874060225e+00
-6.601722600143456354e+00 1.996276184408757537e+00
-4.828755256665789197e+00 -7.051568500919290550e+00
-5.059723853335925448e+00 5.073388689010720043e+00
1.047500099364045090e+00 1.928459743576391994e-01
7.363847563192209122e+00 -5.902449825081181878e+00
-2.801652751998396251e+00 7.818332015666258350e+00
4.186695462061074124e+00 9.853749298732542572e-01
-7.393044712277672126e+00 6.426702167361532325e+00
6.931293544735231293e+00 -7.260505479611098600e+00
-3.471123569437753353e+00 -8.091709504420254717e+00
2.540925574032899092e+00 3.136374209302327021e+00
-4.472768050513617588e+00 5.913704203067644549e+00
3.067882345799382016e+00 -6.897182183516903820e+00
8.321112807664954314e-03 -5.014848969333554507e+00
3.826512900522550442e+00 -3.543870220135589388e+00
-4.920239568782307060e+00 -5.741891049254881807e+00
4.416695481294401482e+00 4.323506378917425508e+00
-7.598882641614588707e+00 5.044996028659213927e+00
-5.831454474509619068e+00 -3.646025700590283858e+00
7.847982453932861091e+00 -1.652882161304074060e+00
-3.824202733408462063e+00 5.050283048529485619e+00
3.301521743950870835e+00 6.444844797696221761e+00
-5.436073042900181340e-01 6.335640597834268917e+00
5.056328398311094929e+00 -1.597078708858118201e+00
-3.303917095116004177e+00 2.477996025164519445e+00
6.410716347387569236e+00 -1.915154704829740151e+00
-2.831343961334097603e+00 -2.912656879260880682e+00
-2.706080597762494655e-01 4.868830080277521954e-01
-1.434496279259420692e+00 9.113760067867976433e-01
4.803799706975115491e+00 2.499431390635308059e+00
-1.356903150674201863e-01 3.401907795223901854e+00
3.279370521119831405e+00 7.546925349921291826e+00
4.767766900756073234e+00 7.724372731946720805e+00
-6.428298414815413864e+00 -5.539341330247428807e+00
6.600715447623947796e+00 -8.360702298958647916e+00
-3.917893728169854484e+00 -6.377694654203591718e+00
-8.079095730472371173e+00 1.565555364722772236e+00
5.055776398824454176e+00 3.562091903469249310e+00
8.935678269286393416e-01 3.565905426857093996e+00
5.231753355000311245e+00 6.414386623719734892e+00
3.392939276458164954e+00 4.724325845640406030e+00
6.849284061534618218e+00 6.714665311095485478e+00
8.337181123818435680e+00 8.418900766281620207e+00
8.324237585807576778e+00 4.158063538392471337e+00
3.077742658477042426e+00 -1.883748808713148426e+00
-2.159898707565600429e+00 -5.888216417203864239e+00
-2.896435076430615929e+00 8.936630616306999730e-01
7.249540702895452604e+00 -3.440940615217148668e+00
-6.212068616297722556e+00 2.956198243010972782e+00
-1.151732338515428777e+00 8.349080525374276363e+00
-3.668319180209904218e+00 -8.043118862891647236e-01
-1.800343921134070768e-01 7.323375172028238289e+00
-6.507602670192768279e+00 -4.426672483558943938e+00
8.384683236000556761e+00 7.307826396257993906e+00
-1.071303206100863603e+00 -7.088242766929263361e+00
2.691188570266733748e+00 -3.601974006197796729e+00
-4.892445549260133753e+00 1.320527905515308520e+00
6.192900667550872207e+00 3.201837518676479366e+00
1.765490646447653411e+00 6.200735840355895867e+00
5.666386103008877129e+00 -6.461809142796639982e+00
-8.117360885578143836e+00 2.579312214182229557e+00
5.041718697400536797e-01 1.717681118489129855e+00
1.775126005027616749e+00 -1.595742318478796662e+00
-7.563083173082909560e+00 -5.132059701253719020e+00
-5.122836318501462038e+00 1.150147054986962181e-01
-7.028041946810138718e+00 3.581488340317293684e+00
-8.341315860738671262e+00 -3.256959920553487819e+00
-8.263821945095310539e+00 -6.052415195444954321e+00
-2.609717906804300380e+00 3.655504053189006619e+00
-1.422531111127001369e+00 3.710355189013959443e+00
-7.466981226753885537e+00 -1.690686503156905440e-01
1.800232055980371948e-02 -3.638423710639523634e+00
