8.280773230959630027e+00 9.026615394953701355e+00
-2.083563750814655113e-01 -4.904624589653957756e+00
-8.026606809048377755e+00 6.593067389012019497e+00
-8.457614949291411222e+00 -4.557036322359855340e+00
8.584549297055225736e+00 -7.446542381863190840e+00
-8.309028745094053647e+00 4.796329428085027047e+00
1.377798748049329669e+00 -1.293284107702559194e+00
-8.056665100168808991e+00 3.612315611313422714e+00
8.602905224499716397e+00 -3.956233195116255263e+00
7.194214607691738372e+00 -5.243115304257087494e+00
-1.664924316476017463e+00 -3.552813058666648427e+00
-2.417680900497786389e+00 -4.531145792376106485e+00
7.579074253476787426e+00 -2.074766538490457446e+00
-7.344774932065059048e+00 -5.942282323498586649e+00
7.483415468391521941e+00 7.019669768035767810e+00
-6.344565050857579713e+00 -6.252323700937834516e+00
-3.964816253596540330e-01 8.839960902495109352e+00
7.814448704161874870e-01 6.790038952458307131e-01
7.684695771501177219e+00 -3.655934484748552649e+00
-6.324387291885240181e+00 1.206184435355802664e+00
2.480890517744493540e+00 -1.429178247424222281e+00
8.220115942698017264e+00 5.098855165470316919e+00
-1.390778763621338010e+00 -5.865695266390861917e+00
-6.420351774965691760e+00 -4.232028848840962532e+00
7.289612820902448220e+00 -7.698038468366134035e-01
3.967817452995756611e+00 2.771021502141167089e-02
-2.692864972188684369e+00 -5.520794805314212184e+00
-2.958754038571208778e+00 4.450162753904427504e+00
-5.836978508208154004e+00 -5.260305150670634866e+00
8.506744411713473397e+00 -5.011792204094518866e+00
3.319723171185842148e-01 6.561490953019398553e+00
6.785534873978939174e+00 -2.921384637120995276e+00
6.018515425687703591e+00 2.372434571772683576e+00
-4.242174289999696424e-02 7.490864378743149032e+00
4.447682792254334494e+00 -1.748196511182315893e+00
4.591220389448047001e+00 5.326909793905454826e+00
4.859849595170019576e+00 -7.366498765771314350e-01
-1.279275496032794335e+00 -1.292942993200392854e+00
1.884696891615169179e+00 -5.922680412056531729e+00
6.082832620444079907e+00 -5.043393082833793173e+00
-4.527384784681924401e+00 -4.759064597982877842e+00
-4.752653020737676925e+00 5.488364982032917894e+00
5.406617845593828520e+00 -2.600358152217804975e+00
5.080394428249141114e+00 -4.343054416746757518e+00
-7.259127749119862472e+00 -7.186776982374926348e+00
6.990363286754444516e+00 1.256617038448891943e+00
7.144318091999200426e+00 -8.172057143760660836e+00
-7.844979106340883135e+00 -8.370338959721319583e+00
-4.087761505436104947e+00 -5.931125306610752546e+00
6.614186052021894469e+00 -4.011638393005018344e+00
2.086496212739558320e+00 6.729725565922969110e+00
-2.777076650458889961e+00 -3.374338018098785419e+00
-8.292025722556770617e+00 -5.558289480908143787e+00
1.925404064477663102e+00 5.076888106194287209e-01
-3.363875707264984971e-01 -6.004009938607166141e+00
-6.184399762180009752e+00 5.944483743915367491e+00
1.133403052650136855e+00 7.579210233431223465e+00
8.293815789569421781e+00 -1.123929395858953351e+00
6.243948748518482361e+00 3.456586528778995970e-01
2.108080992782307206e+00 8.956781239854798571e+00
-7.341933169008443727e+00 4.548766404421153098e+00
-4.324617842773751164e+00 -2.562909584872776203e-01
4.741331044656021731e+00 -5.412848184902080639e+00
4.629871647433786208e+00 1.818477083585545717e+00
6.446822354887317807e+00 -1.931877121443115852e+00
-6.208273575068187000e+00 7.649180017840772727e+00
5.059632474479279551e+00 6.975728322585308838e+00
-6.662135328443888227e+00 -3.024698448120448635e+00
8.592785329387973903e+00 -2.746776352491066664e+00
6.679583260545085555e-01 -9.065108349760841122e+00
2.064928997558324042e+00 -2.357025848359534770e+00
3.245647158734923821e+00 -2.145699148521453825e+00
3.985356124422377189e+00 -8.884500139587000689e+00
5.072416138924085161e+00 4.082730926579464237e-01
-3.454510739799560248e+00 -2.631658157446516544e+00
1.089569103066154176e-01 1.780788034866522818e+00
-1.832024366899750012e+00 8.513462864207886227e+00
-2.149280270956369421e+00 -2.355107660033937123e+00
8.794110340283001648e+00 -1.936505660482946978e-01
-3.509022763335295725e+00 -4.293503204559411479e+00
-4.925917491424878780e-01 3.568090341281873634e+00
-3.027898650318465279e+00 5.753060537982639389e+00
2.576805477392759336e+00 7.670146869414034008e+00
3.609526433017537173e+00 -5.124310715803762406e+00
-6.994403459594319195e+00 6.794202101398520099e+00
1.032004075427786827e+00 -5.051300077120639109e+00
-7.771483910948110641e+00 -3.512390135835348204e+00
-8.791113868824107058e+00 7.337059133762516838e-01
-7.389399960655193667e+00 5.584196863585201065e+00
-8.860918819309945960e+00 6.024888498930631719e+00
7.731447067889561708e+00 1.163036770561323568e-01
-8.791819163199585674e+00 -3.419546678256594419e+00
-1.373407032153972862e+00 -8.725802987012608369e+00
-7.798701944780312978e-01 6.756003876329338631e+00
5.712930399077850829e+00 6.133643034584989273e+00
-9.059739566107070985e+00 -6.221415464661123274e+00
-5.637057730996241744e+00 -7.200162713191425645e+00
5.687177756301504239e+00 1.260535632490469293e+00
1.292314009209350467e-01 -3.905000609547429669e+00
-4.211209193894188907e+00 9.048838645420602678e-01
