4.439775716591269017e+00 3.643972786553815624e+00
6.942250808468051204e+00 -5.352710896640135552e+00
-7.246122822792427698e+00 -7.037195619291614079e-01
2.415335910652970153e+00 -3.596906462367502666e+00
-2.080602331720768916e+00 5.096206969433497491e+00
1.135687658039713943e+00 -3.486849604653302404e+00
2.839467619860363001e+00 4.050165499983332751e+00
-5.924657215374463881e+00 -3.857094818927193192e+00
-4.791789837114511563e+00 -1.079780580546713331e+00
1.046666192422089026e+00 -1.077963397304754212e-01
3.837069848077625522e+00 4.929620264288849363e+00
-6.756013708800098883e+00 -1.852322785374900027e+00
-7.278224428165763094e+00 4.778649060852115937e+00
-3.751525839535558293e-01 -3.696665948782267286e+00
9.779988323106498793e-01 5.350362668517171016e+00
5.372289458678869423e+00 -4.985117657034270344e+00
1.766627830404774446e+00 -4.530848151300785887e+00
1.686780592178333205e+00 -1.361509057276049095e+00
5.673011956372714382e-01 -1.508749277165192471e+00
-6.991880403540982059e+00 -3.949020607370719915e+00
-6.393332049529139027e-01 -4.645722474534738744e+00
-5.496205967869610909e+00 7.369439225225764112e+00
-7.171379693788439091e+00 3.690190624754539073e+00
4.031335082570113748e+00 1.557954927463592654e+00
-1.905145889373206947e+00 -2.461475588929313840e+00
7.174549759405005389e+00 -6.497420004686166095e+00
-1.698056766473085011e-01 -5.529538161637507221e-01
8.694182794358030764e-01 7.050577145192575834e+00
-6.224394074339848260e+00 2.561926459536827405e+00
-5.662161793761205431e+00 -1.672945040920291726e-01
-6.719287027745497909e+00 -7.017981653778337936e+00
6.753143727223691606e+00 7.231536928158398325e+00
2.021943163854929004e+00 -7.242109327772103811e+00
5.245045760090725651e+00 -3.077933836005860346e+00
-2.197764716516990458e+00 -4.543844856720721026e+00
-4.087768565917055064e+00 -7.314147545378025583e+00
5.434922886694343980e+00 5.541284488267133490e+00
-3.003686793195345928e+00 3.222675782378717102e+00
3.795739472860042873e+00 -3.681379313946812726e+00
2.885358157781909849e+00 -4.154246459822662912e-02
5.089193799870531665e-01 -4.694050011691773605e+00
-1.583182654214541962e+00 1.242061502349839586e+00
-3.721721378304035266e+00 -6.360560900484292901e+00
3.833037637325570124e+00 -2.449957479013960437e+00
-6.727944014988604948e+00 -5.755139928493308688e+00
4.616554507102919480e+00 2.535412578366273983e+00
-7.046620855234489333e+00 1.981285576996029363e+00
-3.081503045362060433e+00 -2.503305399038805668e+00
7.017146070286799819e+00 -3.221959475820839636e+00
-3.832409520391218738e+00 3.936993580989487374e+00
2.974185555161448669e+00 -6.573311579412483674e+00
1.058850412124027196e+00 -6.710228315816396005e+00
-4.305532573391791296e+00 -2.471210124535904384e+00
-5.497625108574381692e+00 -2.871596169718104719e+00
-8.061100148460023096e-01 -2.322124512867658197e+00
-2.288670416560725673e+00 2.453743897261899398e-01
1.992264505899495663e+00 -6.092040380664430543e+00
3.784486606429006361e+00 -4.859853645438080960e+00
6.436262218329838802e+00 2.793521803352833288e+00
-5.021328274133009195e+00 4.024165413140055492e+00
-1.343571069861259515e+00 6.229313712410540660e+00
-3.509378984759553344e+00 6.698489827233756522e+00
-2.627015248644134271e+00 -7.129263764850335861e+00
-1.202814221579775467e-01 -6.296464025881072679e+00
4.252894918197379859e+00 -6.162873374057667775e+00
1.931655299286966887e+00 5.155074767460309459e+00
-1.158643249114618134e+00 -7.206090911819542200e+00
5.990922465692404941e+00 -3.966444404264649393e+00
5.474810343551529179e+00 3.741622986751309554e+00
-3.048789307628872791e+00 5.780193158051430302e+00
-4.158503342208560660e+00 -5.232822612305492171e+00
-2.135494750314411050e+00 -1.440390460262649608e+00
-1.370064556805632439e+00 -3.875393720300603473e+00
3.049622685812425349e+00 6.907704165836738852e+00
3.770400684781296530e+00 6.141906158503004143e+00
-3.767490867650073127e+00 -3.720107093614710259e+00
-3.309963407776569611e+00 -1.439083790643048699e+00
5.356904265648965158e+00 -5.158856657095420850e-01
-2.236284564645684814e+00 2.059819913666910640e+00
3.575774576874211630e-01 -2.733822255798856737e+00
4.861342118419221592e+00 8.771648942444590924e-01
-4.682215736142351759e+00 6.128461343964126229e+00
6.039201800026813949e+00 -1.448008354163137001e+00
-4.716108865171636522e-01 5.382032174754284304e-01
-6.625717801587808431e+00 -2.879676771966562132e+00
4.861111093674773009e+00 -1.535028723144381102e+00
2.832283021289217828e+00 2.701622447025274987e+00
2.852811705997699399e+00 -1.701727058014685934e+00
-2.272938912591340621e+00 -5.905222295479779504e+00
-6.768559112893518304e+00 1.744931321265689450e-01
1.072585964479743748e+00 1.320701202578405509e+00
6.936727259852240590e-03 3.645380038696512948e+00
1.863501174739167876e+00 -2.685820125166454631e+00
-5.494230620090462480e+00 9.951863498172400790e-01
7.403146847542400877e-02 2.256793590668153104e+00
1.867198471738299004e+00 3.597136270044245965e+00
-4.992375770991425377e+00 2.059244787260046561e+00
-6.131156495634098036e+00 6.316967205897434212e+00
-6.340954512791531883e+00 4.364960155398114772e+00
4.362120870733182443e+00 -3.091101816700083105e-01
