5.978393515199948993e+00 -4.768393263230767509e+00
-2.238109007135511863e+00 -1.242592171087383335e+01
9.339561717259135420e+00 -9.199409281429677065e+00
7.988738551456352255e+00 5.017540316230868491e+00
7.530311639777034771e-02 -4.885850965896307407e+00
-3.679235392231999136e+00 3.685478955178933091e+00
-5.134525459263721281e+00 -1.195811438253371328e+01
-1.233766020897988547e+01 -2.896861194117891891e+00
-1.222435588908865078e+01 -4.023745110792821933e+00
-1.952843371543842688e+00 -4.436780524664241554e+00
-1.168639052210897766e+01 6.426410170539599065e+00
-2.947488776364094676e+00 2.192949995912794048e+00
-1.253850263479794869e+01 -1.136136027106186042e+01
9.538999036408156940e+00 -1.125420305179219049e+01
-1.174127576453694699e+00 2.366786108751829931e-01
-8.957746114067600018e+00 6.095787860075503772e+00
-3.734010529684594015e+00 -3.500012697976413456e+00
-8.827817300383983934e+00 -1.120690067108985666e+01
-6.539523115605815562e+00 5.233653644864533661e+00
-1.030552236513576858e+01 -1.084942173640044416e+01
-6.928306259147453794e+00 3.358828309914250188e+00
6.157202780136365128e+00 9.878027548806748825e+00
1.000151328306121634e+01 -1.883618520089931136e+00
2.548295631757273139e+00 -1.238695043670800544e+01
-1.003953437966167783e+01 5.345147907449201874e+00
-2.689770452731449879e+00 1.095830211561044720e+01
-1.057117356887056303e+01 7.908740935273589123e+00
-8.828173779537905830e+00 7.555160752002174185e+00
1.537057093803003704e+00 1.217633537057281323e+01
1.118652920596963085e+01 -1.408821305714579974e+00
-1.031052992753173392e+01 6.834134452218795452e+00
9.842001205297849609e+00 1.123828501822413095e+01
5.032170094717502984e+00 2.475686279296883896e+00
1.152399552996707399e+01 -1.008518437380438115e+01
-1.376085911378498450e+00 8.916123663626605023e+00
1.536294034466857861e+00 -1.016709983881596102e+01
1.140374583984385737e+01 -6.985874918294048719e+00
6.556085505852925266e+00 1.230610482903468927e+01
1.167834410116852162e+01 8.332376936407159818e+00
7.573264338374923188e-01 9.288295220389864326e+00
-9.612725855503541084e+00 -3.840110720528626675e+00
-2.695381624795591069e+00 -1.096899574338115357e+01
1.205980182415970781e+01 -5.469138154674491048e-01
4.751100437658116959e+00 -4.353138541091768232e+00
6.026793849061275132e+00 -6.551187708431299939e+00
1.273204722564809543e+01 -7.431692224360531007e+00
3.625886942039655114e+00 1.221321799832957922e+01
8.599447231749271836e+00 -1.236750168930808469e+00
7.826660999129285479e+00 -1.039724674372754798e+01
-2.405661941942376369e+00 5.339803811392719091e+00
-4.464699550076349333e+00 6.278569925011037611e+00
-7.373408663753776793e+00 1.881210832123239918e+00
-5.208222393039448228e+00 9.020828525116419527e+00
-5.713323843995569362e+00 -6.617864136200113379e+00
6.692370706203964126e+00 -1.894333428219406423e+00
-1.157700625770214486e+01 -6.212137336085800321e+00
2.077571989463677937e+00 9.407599361885553790e+00
1.050069742675491291e+01 -4.919891425728220469e+00
-2.154674831522351841e+00 1.175674739662713852e+00
-4.681799347328143845e+00 -2.360167823843072998e+00
1.505340739887163659e+00 -6.249516942596165414e+00
-1.261805852097205971e+01 -1.282133099865047576e+01
-8.628462094890096523e+00 9.780911155942593638e+00
-6.811801865697137082e+00 -6.335725899151639418e+00
1.240799919316885180e+01 -3.854564760554259450e+00
-5.193306044237704810e+00 6.130749540373112705e-01
7.301893047214142562e+00 1.039445276160417819e+01
3.637277994490670796e+00 -3.938349806819984700e+00
5.219514919959252985e+00 1.106720382556165116e+00
-1.003789874318454167e+01 -6.530895408836824068e+00
-4.141226552937387062e-01 -7.016015713252572450e-01
1.191748820403887521e+01 -2.307322444109773940e+00
-9.801717364214088235e+00 2.133151169606652076e+00
-1.138329325272878201e+01 -8.246029251910558244e+00
1.052926141744002342e+00 4.038465518478259741e-01
6.174695336666577994e+00 1.419517341639315866e+00
-1.174931795701356485e+01 4.327174115344098126e+00
-8.742454655430822896e+00 -2.381520984754381398e-01
-1.293137144199514865e-01 1.058363355850813115e+01
5.203701397871516754e+00 6.228254810392956919e+00
1.083385712916921584e+01 9.049852802743931335e+00
2.972373825579031514e+00 1.056869717730032399e+01
-1.219020194715660921e+01 1.163124026348024387e+01
9.952503310360262034e+00 -4.812502951395792317e-01
-6.617382621658709496e+00 -9.353844602917503082e+00
-4.442150317842784801e+00 -1.351672394661407317e-01
1.097420074142180546e+01 1.013463749310853323e+01
4.799002341239225977e+00 -1.169865172890012417e+01
6.267209731614164170e+00 -7.908472330002800810e+00
1.250611607572514039e+01 -9.080994504402212897e+00
5.072765568937132485e+00 9.167870798933892118e+00
-3.581357315076934000e+00 1.245307659792334043e+00
-1.339598191696975027e+00 3.772246919652483932e+00
8.096461013321858857e+00 -2.202221708165550407e-01
-1.085123726580747849e+01 -9.873206215876004777e-01
4.496865601878670127e+00 1.040021356981856115e+01
3.003283665837391148e+00 -1.104233358118747788e+01
-5.703972922361836284e-01 6.899634801693359520e+00
-1.066417743868422896e+01 2.813885853921260782e+00
-4.242265774972268089e-01 7.829467397198226486e+00
