-7.204963053793297156e+00 -1.496578336835281675e+01
-2.658936290427138971e+00 -1.477903117155341484e+01
-1.065890151988593892e+01 5.467813887018431185e-01
-3.704059899800624223e+00 -2.460250690365350934e+00
-4.437061228694397230e-01 2.728210334249972835e+00
-1.085552177336130697e+01 -1.212352194985222731e+01
-7.277230614971893274e+00 8.092346418589130508e+00
1.084250941459264084e+01 -3.942329381233998120e+00
-9.633456060789477249e+00 -3.752415405376356428e-01
1.740856789688870254e+00 -1.049071319213240550e+01
8.432561151826632795e+00 9.232197253088557432e+00
-1.428577543171834208e+01 -1.227069864316194092e+01
8.235531072585849932e-01 -1.089696400998590953e+01
-7.843799915364625619e+00 1.556648580415777694e+01
2.661659203612819713e+00 -1.105122490886645181e+01
-6.980712357463181306e-01 -9.057603761508000062e+00
2.354825310548615214e+00 5.434177986594217913e+00
1.381000676533624016e+01 -3.197407906789136778e+00
-1.348387990814383208e+01 -1.445850498190806466e+00
-3.765324769427768475e-02 -2.118578217020747889e+00
1.379208279764388756e+01 -1.023011146729888665e+01
1.201817638457999493e+01 -5.069189862931018364e-01
-1.117151427499890559e+01 1.321383189233869082e+01
1.393601476614234436e+01 -8.429057182630659284e+00
-6.441994149481923060e+00 -8.973625424670540696e+00
-5.236751808521303175e+00 -1.346669755890910203e+01
4.765919966524000628e+00 1.831141491655182141e-01
1.151963426193406193e+00 -7.939811621227063299e+00
-1.252965730446912751e+01 -1.302417556943346710e+01
7.184432852422222737e+00 -1.524256724922912731e+01
-6.143055188822219570e+00 -4.397290374190850670e+00
-8.100236232085526566e+00 -8.421200458404847211e+00
-6.436194813773061796e+00 -5.799460773451985407e-01
5.067099915052607706e+00 -4.874750918500428298e+00
5.943854443044513047e+00 9.803343855361905668e+00
-1.408531593833998130e+01 -1.528117927911761065e+01
1.407227542343781446e+00 1.172579784710143613e+01
6.396251721424282444e+00 1.522995091296796311e+01
-4.877362231912375279e+00 1.336134345547832147e+01
-1.617160590981909785e+00 -2.958287916967542230e+00
1.802335383792034396e+00 -1.234400022325784718e+01
4.611675083818093768e+00 -1.425187424930851954e+01
4.406907345855445968e+00 -1.017379371267586308e+01
6.522949094467752396e+00 -8.855360149244560830e+00
1.479746771187314636e+01 3.062944467503190271e+00
7.965371225322074089e+00 6.711395085584141107e+00
1.379498392080409275e+01 3.278040585016474662e+00
-7.542297195690955469e+00 -6.921304709468109273e+00
1.294720700686828252e+01 -7.066924857761833323e+00
5.521184172703451409e+00 -1.094774687281859293e+01
1.209478187144328132e+01 1.194800202306148584e+01
9.855590855724891242e+00 3.605752924747434029e+00
1.056333604535173087e+01 -4.564972176955827132e-01
7.136444094182605724e+00 -4.070688834095987474e+00
1.833501647362861586e+00 1.372628671941650857e+01
1.254890186013641795e+01 -1.322758967888966986e+01
9.993614305217025873e+00 9.260721077674849422e-01
1.385286352560958534e+01 1.549334283343032936e+01
4.863273019818162846e-01 -1.471477524500125789e+01
-5.850209346745074868e+00 -5.458305795377537351e+00
-9.917867259058946061e+00 1.069328128447507176e+01
1.349816433749773736e+01 1.133549784113467318e+01
1.361720691654185700e+01 2.209214375572098543e+00
4.671235611419395362e+00 1.397071681510093200e+01
-5.971718041729301873e+00 8.800002496767152849e+00
-4.175212648780407321e+00 9.614145578970752837e+00
1.091317580165704193e+01 1.421564847376872365e+01
-1.429972274301263901e+01 1.213695442946333714e+01
-1.020057668726883726e+01 2.638253459127625877e+00
2.155660425921225087e+00 7.251731725712026844e+00
-1.095805318025612074e+01 9.415822759093131822e+00
8.950770162724552392e+00 6.102856875440961559e+00
3.098865843912672169e+00 -1.005380385921427866e+01
1.357958735458257493e+01 -4.315796461696583819e+00
-1.257373210819738141e+01 -2.767070210183324885e+00
1.395356789311604118e+01 -7.254704351067031709e+00
1.416104126339363845e+01 -1.121315122478648441e+01
-3.655180290050631609e+00 9.304277885515114255e-01
-7.918093712814926910e+00 -6.140174178595619869e-01
4.622818077799359493e+00 -2.031540203678660284e+00
5.364812230524936609e+00 1.685164116695312408e+00
-3.787833798795152251e+00 -1.539599396677843579e+01
1.327785979484105994e+01 1.537736924398083738e-01
1.193013475886451324e+01 1.286197022653667643e+00
5.943112002678202721e+00 -1.233842862493255943e+01
-4.364494582146175361e+00 -1.429700048015607194e+01
5.066016010916047030e+00 2.949526318133352643e+00
-1.215671383193434174e+01 -6.078061017888380935e-01
-1.269553583064104529e+01 -4.944873910226475822e+00
-1.188454069423154458e+01 3.347854516601266095e+00
8.948543762681719471e+00 1.318038392125368041e+01
-5.874852061399982617e+00 1.190413444735758830e+01
-1.574741337709359890e+01 -3.404219701195460690e+00
1.945334660285237272e+00 3.079200840646032500e+00
-7.143456957240296168e-01 1.399846278863004478e+01
-9.684313622615233541e+00 -1.204560508711491273e+01
9.868896980466272950e+00 -1.436601722629672651e+01
-1.416205840383401338e+01 -2.660368952517091046e+00
1.339941494705914771e+01 5.967119694627736948e+00
-1.981577540778955149e-01 1.187973257147624828e+01
