-9.484030027500834237e+00 8.959107658753589831e+00
-4.031126076849644413e+00 4.626931077884424148e+00
-9.662451941042929926e-01 9.020335561299807736e+00
-1.793353875142143394e+00 -9.083913837847218176e+00
-6.752351700274894064e+00 7.059354849387171171e+00
1.563704105791185794e+00 -3.349569701815462874e+00
7.469499234109504116e+00 -3.775596328012756242e+00
4.349621821393350629e+00 2.117297406351490885e+00
-9.644228965895594641e+00 2.572904029227586431e+00
-4.835911778695036745e+00 -2.826725619297351777e+00
4.112579231692474302e+00 -6.314744245165067049e+00
-4.508184495385929580e+00 9.919366719110650266e+00
-8.427810921716920589e+00 5.541179896285522766e+00
6.027114773263278380e+00 -7.544271488770623257e+00
-7.380013825928282145e+00 -2.222675369903734044e+00
3.768227200509095542e+00 4.383559695836870773e+00
-8.337454370793894398e+00 -5.651722387670668368e+00
2.732170625183276691e+00 7.333975454205281519e-01
-7.866630800925874745e+00 -7.431592767291022028e+00
1.710041615144390459e+00 1.883973159650153217e+00
4.791550307826424770e+00 -6.095252077568802385e-01
5.405343980590212816e+00 -2.898904801784511154e+00
4.940589773016023756e+00 -7.874528343956122889e+00
8.446627427670748034e+00 -1.049109967558314649e+00
6.700455255655690223e+00 -6.645897790318961995e+00
7.211349621654804309e+00 6.493726449073622398e+00
8.617313306296148667e+00 2.199528565677532299e+00
6.356240416300247276e+00 3.941175790325734951e-02
7.344809888715899682e+00 -5.581788714997883538e+00
-8.601498452954373874e+00 3.242999135388734189e+00
1.868995239683213017e+00 -9.183326709111984343e+00
-3.101773246846033505e+00 -9.927643577932665053e+00
6.097314021810493756e-01 -5.697951896206447486e+00
8.252577868287303886e+00 -8.049294757854763560e+00
6.107261311683375382e+00 9.093073535511070560e+00
3.655678495007728124e+00 7.922839254022176370e+00
8.796753322654293328e+00 -7.081629612726439760e+00
-7.346015985022337880e+00 -8.894425136807047494e+00
-7.589560913316313773e+00 -4.798199821614255178e+00
7.210546178488869806e+00 3.583406543058615057e+00
-8.075514076212112258e+00 7.973540539271658290e+00
-6.811908718770767202e+00 4.045450203502984010e+00
-9.746839280856910648e+00 -7.529415409819720573e+00
3.689990620742730432e+00 6.345789082272305315e+00
-1.453006159517133078e+00 -5.236630327585238831e+00
-5.551773397545540334e+00 -4.520554644755476303e+00
9.593453063405261716e+00 5.765708658804255649e+00
2.273103018281187548e+00 -6.929261990076811983e+00
7.536245250014093067e+00 -7.320775280609284508e+00
-4.514125411772972107e+00 5.644966870079059618e+00
-8.657604486655243292e+00 -2.724555230927009575e+00
-4.431869911373218507e+00 7.749680667637227849e+00
-3.225830898813967451e+00 -2.251626012900957097e+00
-2.781677153675514269e+00 3.874334773549899857e+00
-7.060832305953650412e+00 -6.366104182884193108e+00
-4.192883646596321512e+00 -1.822940506294566276e+00
7.306079665999831718e+00 6.192558539944544860e-01
3.931888500015453758e+00 9.670819061516594317e+00
-4.387034597453821405e+00 -4.489053009758513291e+00
-4.608752847609528303e+00 -7.494927204116293984e-01
-6.958975525342922630e+00 4.711437144495198015e-02
8.516417064625439792e+00 8.346840735375753439e+00
5.889590130166081572e+00 -1.129155637992977690e+00
-2.727611903468030174e+00 -5.536988541823443910e+00
-1.718093432814820742e+00 3.899662712093880490e+00
-6.549601945107092149e+00 -4.363059618414966145e+00
-1.901775783155972954e+00 -6.374749909892639899e+00
-2.886990313323153146e+00 4.971929889455509510e+00
3.497512182826145732e+00 -1.568603208843920793e+00
4.336657203706995034e+00 8.722820495269958840e+00
-2.897545580008591415e+00 -7.755612698840185892e+00
-1.852075123950733593e+00 5.164976254853266724e+00
-8.848247510114441994e+00 -8.489065454614989292e+00
3.071802732817142001e+00 5.505808910783806631e+00
-6.704613265548716505e+00 -1.085001064576520236e+00
-6.592300878863981417e+00 9.754349164270637473e+00
-8.344908259686754093e+00 9.397115565860648445e+00
7.167167291599628065e+00 1.825403481297695585e+00
-3.476561580892113312e+00 6.056297462125944442e+00
-4.961599025785191408e+00 9.033441525526624716e+00
9.371414369083248985e+00 8.935755282736463911e+00
-3.189902864289024809e+00 -3.762697574953969948e+00
-3.751435982927644019e+00 -5.908543290098704048e+00
-9.540124769645139668e-01 -6.787976397562149877e+00
1.289000956232858153e+00 1.019824219936691367e-01
-2.579167195729790585e+00 7.377979757945847261e+00
9.837888830613273683e+00 9.845484483313107660e+00
3.214189605850321207e+00 1.732341142664146627e+00
1.762015277083106124e+00 3.902256449941047922e+00
-3.614752600393641213e+00 -1.196972607044702874e-01
1.602794185263090920e+00 6.094561460742685455e+00
3.862202857306162418e+00 3.000335687848016519e+00
8.310461818482302476e+00 -5.988413646708506732e+00
4.619646679544889167e+00 4.963385347827188099e+00
-1.489210805580877539e-01 -7.923625825553545887e+00
2.360612912753047521e+00 -8.934935751475823196e-01
-6.085542271141064496e+00 8.386812221239654974e+00
6.433793560415313806e+00 2.775797799500344887e+00
-2.878729394057145008e+00 -8.899885166507463197e+00
7.134314837424517997e+00 -2.752095178604325731e+00
