-4.314400575332187238e+00 2.139489062060595526e+00
-2.196746263715693370e+00 5.101295127123006701e+00
-1.234457435540659676e+00 -6.266241304457543793e-01
3.294497139173036437e+00 3.975551563144963829e+00
3.839843647081816691e+00 6.335242738796932116e+00
-7.831846655661949264e+00 5.858686222950312050e+00
-1.099454146273257216e+00 5.027739972441789718e+00
-4.303077994995905264e+00 4.630491372965755303e+00
-2.423042907720128092e+00 7.002413444774846063e+00
5.493314851064906579e-01 -6.936541632452947193e-01
4.645305969882235431e+00 -4.077035280638554582e+00
8.461169331520710379e-01 -8.057624978005183181e+00
-4.904182178393122093e+00 -1.254765622213871445e+00
8.208972711756493013e+00 -3.442358124822759269e+00
-3.811600969642755743e+00 -3.676100343839496354e+00
-5.367500637677355080e+00 -5.721010462494541038e+00
-7.961423723356015891e+00 -3.791707197169479349e-01
1.808067541067737816e+00 1.918965238090478254e+00
-2.487418126376947036e+00 -3.563131246738694635e+00
7.439042213708661144e+00 -6.187977223388585912e+00
1.875480453187535090e+00 5.654989380636568086e+00
-1.996533127898191040e+00 -7.576539997216899636e+00
7.177620437715388491e+00 1.486144923341377710e+00
-3.864757766961086083e-01 -3.009464883268623048e+00
-3.581625725934304949e+00 9.885506690744641500e-02
-7.420723585171084657e+00 -2.925255550742692279e+00
-2.765027774020844209e+00 3.811541006016612609e+00
8.225531537530535786e+00 5.069632496114245823e-01
6.688857484861448377e+00 -3.682049488298010154e+00
-5.172166219213080396e+00 4.127406350033762550e+00
-4.352810232010950742e+00 -5.289834877393778889e+00
1.609940519423597394e+00 3.425034843505624593e+00
6.932022315828086256e+00 6.980186626019482254e+00
2.634784401777609197e+00 6.254073700305736949e+00
-5.526108954177126442e+00 1.460085322713744471e+00
-7.492528973534064995e+00 -4.862932428844417565e+00
5.335526898723246259e-01 -5.408355570674208579e+00
-7.211674925727902696e+00 4.927546970104417667e+00
-2.045270341337655839e+00 1.806624287176159971e+00
-1.101869024668701291e-01 3.537944966557117432e+00
7.659433414124730000e+00 -6.069561130556037076e-01
-8.299078823564428831e+00 -7.611503995057586458e+00
-5.050157181352178171e+00 7.807099739574824504e+00
-6.356413388269695375e+00 -5.393249035070882158e+00
1.761463225492888585e+00 -5.928880314570036170e+00
-1.083769191035550250e+00 6.084344642547626414e+00
4.893450221706480835e-02 6.161596152469264176e+00
4.656209873298065460e+00 -8.301729666444780165e+00
1.068549210691422502e+00 5.858048350988063202e-01
6.267346792802140243e+00 -5.242844620447713488e+00
3.593320144931312132e+00 4.754804898888913556e-01
3.017806556717420818e+00 -2.315403552708447776e+00
-2.519814188634988295e+00 -1.595847175817459163e-01
-5.843913869976736564e+00 -3.317279014155650962e+00
-6.050763358057524854e+00 5.025095487944778228e+00
1.985490547159476593e+00 -4.738304565309187311e+00
-7.178725678155661871e-01 5.286789219441755394e-01
-8.207484923422638801e+00 3.064635434979704698e+00
-3.687972452000746415e+00 -6.351014492935252775e+00
-8.237999393657633007e+00 8.134110774546662981e+00
5.631466578228750741e+00 -4.139249092709403888e-01
5.347049153249704645e+00 3.181123582684775908e+00
-9.832426762829116207e-01 2.368623623549316548e+00
-2.313879037923958215e+00 -4.585351029565416958e+00
-1.349736236483563001e+00 -3.536528198842948889e+00
-7.341740742799973241e+00 7.078782593341020224e+00
-7.713229403124379324e+00 2.216735657478624777e+00
-3.559968722665859620e+00 1.315973827808303076e+00
-2.957185096745456043e+00 -5.434933672107464808e+00
5.255104419538301208e+00 4.264907698796962521e+00
-5.511519925800275610e-01 -1.689310383997026932e+00
1.000351298080720985e+00 4.582242780741529131e+00
-4.704627417500474529e+00 -8.851990927864641923e-02
5.602232730289059326e+00 -2.894095485530355560e+00
-3.400203760027537658e+00 -1.726414766098487208e+00
2.920897220040274078e+00 -6.694383761995398308e-01
-7.761426221826638994e+00 -6.517643690947845236e+00
1.493253072260304126e+00 7.963109495130352933e+00
5.432989809601845188e+00 -6.172526383847066533e+00
-7.240055209974185502e+00 -8.395561787450589009e+00
5.971034961703234778e+00 -7.647257957922327876e+00
3.644621396167591509e+00 2.958329909075330111e+00
1.208806735276679811e+00 -3.074547654480880077e+00
-4.235498938954075143e+00 7.026788038440566098e+00
-6.808069883396503208e+00 1.517049015746842366e+00
-5.703200407762181179e+00 2.852097878251594221e+00
3.637403904982179803e+00 -7.510081242010770097e+00
8.273992818421104900e+00 -2.007924337734402265e+00
-5.179906604416605553e+00 6.195794330275190553e+00
3.012390063965459941e+00 8.135352632728235278e+00
-7.354546114090164011e+00 3.854596239356872900e+00
4.140195916232121576e+00 -9.751472165872820952e-01
6.433641643560654266e+00 4.261843007561820329e+00
4.165866998529903498e+00 -3.056067555653946943e+00
2.033215430511293942e+00 -1.366222720750936093e+00
-6.557591668142789487e+00 5.920704163730502678e+00
4.858384652950295646e+00 -7.286168829675992775e+00
2.279590159435044505e+00 7.408900952526412453e+00
-2.110158916433720666e+00 -1.712074331244673564e+00
6.837910231090026159e+00 2.525676994331907288e+00
